# Flattened stellar population size constant (c) for model space generated from FSPS with dimmetions `['logzsol', 'tau', 'sf_star', 'tburst', 'fburst']` and shape (6, 9, 8, 6)
-2.617816162109375000e+01
-2.630169677734375000e+01
-2.654870605468750000e+01
-2.679571533203125000e+01
-2.741271972656250000e+01
-2.802923583984375000e+01
-2.605590820312500000e+01
-2.617950439453125000e+01
-2.642657470703125000e+01
-2.667358398437500000e+01
-2.729071044921875000e+01
-2.790728759765625000e+01
-2.591735839843750000e+01
-2.604095458984375000e+01
-2.628802490234375000e+01
-2.653509521484375000e+01
-2.715228271484375000e+01
-2.776898193359375000e+01
-2.575610351562500000e+01
-2.587969970703125000e+01
-2.612689208984375000e+01
-2.637396240234375000e+01
-2.699127197265625000e+01
-2.760803222656250000e+01
-2.555767822265625000e+01
-2.568133544921875000e+01
-2.592852783203125000e+01
-2.617565917968750000e+01
-2.679309082031250000e+01
-2.740997314453125000e+01
-2.531201171875000000e+01
-2.543572998046875000e+01
-2.568298339843750000e+01
-2.593017578125000000e+01
-2.654772949218750000e+01
-2.716485595703125000e+01
-2.498901367187500000e+01
-2.511273193359375000e+01
-2.536010742187500000e+01
-2.560736083984375000e+01
-2.622521972656250000e+01
-2.684246826171875000e+01
-2.447528076171875000e+01
-2.459906005859375000e+01
-2.484655761718750000e+01
-2.509393310546875000e+01
-2.571203613281250000e+01
-2.632965087890625000e+01
-2.607336425781250000e+01
-2.619696044921875000e+01
-2.644403076171875000e+01
-2.669104003906250000e+01
-2.730810546875000000e+01
-2.792468261718750000e+01
-2.593383789062500000e+01
-2.605743408203125000e+01
-2.630450439453125000e+01
-2.655157470703125000e+01
-2.716876220703125000e+01
-2.778546142578125000e+01
-2.577099609375000000e+01
-2.589465332031250000e+01
-2.614184570312500000e+01
-2.638891601562500000e+01
-2.700628662109375000e+01
-2.762304687500000000e+01
-2.556872558593750000e+01
-2.569268798828125000e+01
-2.594018554687500000e+01
-2.618743896484375000e+01
-2.680499267578125000e+01
-2.742193603515625000e+01
-2.530310058593750000e+01
-2.542803955078125000e+01
-2.567675781250000000e+01
-2.592456054687500000e+01
-2.654266357421875000e+01
-2.715985107421875000e+01
-2.492480468750000000e+01
-2.505352783203125000e+01
-2.530645751953125000e+01
-2.555621337890625000e+01
-2.617602539062500000e+01
-2.679382324218750000e+01
-2.435693359375000000e+01
-2.449578857421875000e+01
-2.476031494140625000e+01
-2.501556396484375000e+01
-2.563995361328125000e+01
-2.625909423828125000e+01
-2.355468750000000000e+01
-2.371356201171875000e+01
-2.400238037109375000e+01
-2.426965332031250000e+01
-2.490405273437500000e+01
-2.552569580078125000e+01
-2.585748291015625000e+01
-2.598315429687500000e+01
-2.623242187500000000e+01
-2.648046875000000000e+01
-2.709844970703125000e+01
-2.771539306640625000e+01
-2.565661621093750000e+01
-2.578417968750000000e+01
-2.603558349609375000e+01
-2.628460693359375000e+01
-2.690344238281250000e+01
-2.752069091796875000e+01
-2.540777587890625000e+01
-2.553851318359375000e+01
-2.579351806640625000e+01
-2.604418945312500000e+01
-2.666442871093750000e+01
-2.728216552734375000e+01
-2.509960937500000000e+01
-2.523516845703125000e+01
-2.549578857421875000e+01
-2.574902343750000000e+01
-2.637152099609375000e+01
-2.698986816406250000e+01
-2.472674560546875000e+01
-2.486901855468750000e+01
-2.513751220703125000e+01
-2.539453125000000000e+01
-2.602014160156250000e+01
-2.663940429687500000e+01
-2.428796386718750000e+01
-2.443890380859375000e+01
-2.471783447265625000e+01
-2.497998046875000000e+01
-2.560986328125000000e+01
-2.623022460937500000e+01
-2.377984619140625000e+01
-2.394183349609375000e+01
-2.423449707031250000e+01
-2.450354003906250000e+01
-2.513928222656250000e+01
-2.576104736328125000e+01
-2.317596435546875000e+01
-2.335382080078125000e+01
-2.366668701171875000e+01
-2.394622802734375000e+01
-2.459094238281250000e+01
-2.521472167968750000e+01
-2.520458984375000000e+01
-2.534753417968750000e+01
-2.561669921875000000e+01
-2.587402343750000000e+01
-2.649963378906250000e+01
-2.711871337890625000e+01
-2.497082519531250000e+01
-2.511749267578125000e+01
-2.539117431640625000e+01
-2.565069580078125000e+01
-2.627813720703125000e+01
-2.689770507812500000e+01
-2.471911621093750000e+01
-2.486987304687500000e+01
-2.514855957031250000e+01
-2.541052246093750000e+01
-2.604003906250000000e+01
-2.666015625000000000e+01
-2.444812011718750000e+01
-2.460345458984375000e+01
-2.488769531250000000e+01
-2.515246582031250000e+01
-2.578436279296875000e+01
-2.640509033203125000e+01
-2.415454101562500000e+01
-2.431506347656250000e+01
-2.460571289062500000e+01
-2.487371826171875000e+01
-2.550842285156250000e+01
-2.612982177734375000e+01
-2.383032226562500000e+01
-2.399700927734375000e+01
-2.429547119140625000e+01
-2.456744384765625000e+01
-2.520550537109375000e+01
-2.582769775390625000e+01
-2.345721435546875000e+01
-2.363183593750000000e+01
-2.394055175781250000e+01
-2.421789550781250000e+01
-2.486053466796875000e+01
-2.548382568359375000e+01
-2.298901367187500000e+01
-2.317602539062500000e+01
-2.350097656250000000e+01
-2.378686523437500000e+01
-2.443695068359375000e+01
-2.506188964843750000e+01
-2.482629394531250000e+01
-2.497894287109375000e+01
-2.525982666015625000e+01
-2.552288818359375000e+01
-2.615332031250000000e+01
-2.677355957031250000e+01
-2.463018798828125000e+01
-2.478576660156250000e+01
-2.507025146484375000e+01
-2.533514404296875000e+01
-2.596710205078125000e+01
-2.658770751953125000e+01
-2.442205810546875000e+01
-2.458081054687500000e+01
-2.486932373046875000e+01
-2.513616943359375000e+01
-2.576983642578125000e+01
-2.639093017578125000e+01
-2.419866943359375000e+01
-2.436102294921875000e+01
-2.465399169921875000e+01
-2.492315673828125000e+01
-2.555877685546875000e+01
-2.618035888671875000e+01
-2.395452880859375000e+01
-2.412103271484375000e+01
-2.441931152343750000e+01
-2.469116210937500000e+01
-2.532910156250000000e+01
-2.595123291015625000e+01
-2.367956542968750000e+01
-2.385125732421875000e+01
-2.415606689453125000e+01
-2.443139648437500000e+01
-2.507226562500000000e+01
-2.569506835937500000e+01
-2.335369873046875000e+01
-2.353234863281250000e+01
-2.384625244140625000e+01
-2.412628173828125000e+01
-2.477124023437500000e+01
-2.539501953125000000e+01
-2.292889404296875000e+01
-2.311883544921875000e+01
-2.344769287109375000e+01
-2.373565673828125000e+01
-2.438751220703125000e+01
-2.501281738281250000e+01
-2.462762451171875000e+01
-2.478503417968750000e+01
-2.507177734375000000e+01
-2.533776855468750000e+01
-2.597064208984375000e+01
-2.659149169921875000e+01
-2.445672607421875000e+01
-2.461657714843750000e+01
-2.490637207031250000e+01
-2.517395019531250000e+01
-2.580816650390625000e+01
-2.642932128906250000e+01
-2.427423095703125000e+01
-2.443682861328125000e+01
-2.473004150390625000e+01
-2.499932861328125000e+01
-2.563500976562500000e+01
-2.625659179687500000e+01
-2.407641601562500000e+01
-2.424206542968750000e+01
-2.453930664062500000e+01
-2.481060791015625000e+01
-2.544805908203125000e+01
-2.607000732421875000e+01
-2.385729980468750000e+01
-2.402667236328125000e+01
-2.432861328125000000e+01
-2.460235595703125000e+01
-2.524188232421875000e+01
-2.586437988281250000e+01
-2.360638427734375000e+01
-2.378045654296875000e+01
-2.408843994140625000e+01
-2.436535644531250000e+01
-2.500756835937500000e+01
-2.563073730468750000e+01
-2.330328369140625000e+01
-2.348388671875000000e+01
-2.380035400390625000e+01
-2.408172607421875000e+01
-2.472778320312500000e+01
-2.535180664062500000e+01
-2.289935302734375000e+01
-2.309069824218750000e+01
-2.342150878906250000e+01
-2.371057128906250000e+01
-2.436328125000000000e+01
-2.498876953125000000e+01
-2.443231201171875000e+01
-2.459417724609375000e+01
-2.488659667968750000e+01
-2.515539550781250000e+01
-2.579064941406250000e+01
-2.641210937500000000e+01
-2.428747558593750000e+01
-2.445135498046875000e+01
-2.474627685546875000e+01
-2.501641845703125000e+01
-2.565283203125000000e+01
-2.627453613281250000e+01
-2.413061523437500000e+01
-2.429681396484375000e+01
-2.459466552734375000e+01
-2.486627197265625000e+01
-2.550396728515625000e+01
-2.612597656250000000e+01
-2.395782470703125000e+01
-2.412670898437500000e+01
-2.442797851562500000e+01
-2.470135498046875000e+01
-2.534057617187500000e+01
-2.596295166015625000e+01
-2.376287841796875000e+01
-2.393505859375000000e+01
-2.424053955078125000e+01
-2.451611328125000000e+01
-2.515722656250000000e+01
-2.578009033203125000e+01
-2.353509521484375000e+01
-2.371154785156250000e+01
-2.402258300781250000e+01
-2.430102539062500000e+01
-2.494464111328125000e+01
-2.556805419921875000e+01
-2.325384521484375000e+01
-2.343640136718750000e+01
-2.375537109375000000e+01
-2.403802490234375000e+01
-2.468524169921875000e+01
-2.530950927734375000e+01
-2.287017822265625000e+01
-2.306298828125000000e+01
-2.339569091796875000e+01
-2.368572998046875000e+01
-2.433935546875000000e+01
-2.496502685546875000e+01
-2.433782958984375000e+01
-2.450183105468750000e+01
-2.479687500000000000e+01
-2.506701660156250000e+01
-2.570343017578125000e+01
-2.632519531250000000e+01
-2.420562744140625000e+01
-2.437145996093750000e+01
-2.466882324218750000e+01
-2.494018554687500000e+01
-2.557763671875000000e+01
-2.619958496093750000e+01
-2.406109619140625000e+01
-2.422906494140625000e+01
-2.452905273437500000e+01
-2.480181884765625000e+01
-2.544049072265625000e+01
-2.606274414062500000e+01
-2.390026855468750000e+01
-2.407073974609375000e+01
-2.437396240234375000e+01
-2.464837646484375000e+01
-2.528845214843750000e+01
-2.591101074218750000e+01
-2.371691894531250000e+01
-2.389044189453125000e+01
-2.419769287109375000e+01
-2.447412109375000000e+01
-2.511602783203125000e+01
-2.573901367187500000e+01
-2.350024414062500000e+01
-2.367785644531250000e+01
-2.399035644531250000e+01
-2.426959228515625000e+01
-2.491387939453125000e+01
-2.553741455078125000e+01
-2.322955322265625000e+01
-2.341302490234375000e+01
-2.373321533203125000e+01
-2.401660156250000000e+01
-2.466436767578125000e+01
-2.528875732421875000e+01
-2.285571289062500000e+01
-2.304925537109375000e+01
-2.338293457031250000e+01
-2.367346191406250000e+01
-2.432751464843750000e+01
-2.495330810546875000e+01
-2.428240966796875000e+01
-2.444763183593750000e+01
-2.474426269531250000e+01
-2.501525878906250000e+01
-2.565234375000000000e+01
-2.627423095703125000e+01
-2.415759277343750000e+01
-2.432452392578125000e+01
-2.462335205078125000e+01
-2.489544677734375000e+01
-2.553350830078125000e+01
-2.615557861328125000e+01
-2.402026367187500000e+01
-2.418920898437500000e+01
-2.449053955078125000e+01
-2.476391601562500000e+01
-2.540313720703125000e+01
-2.602551269531250000e+01
-2.386639404296875000e+01
-2.403771972656250000e+01
-2.434210205078125000e+01
-2.461712646484375000e+01
-2.525769042968750000e+01
-2.588043212890625000e+01
-2.368975830078125000e+01
-2.386407470703125000e+01
-2.417230224609375000e+01
-2.444934082031250000e+01
-2.509167480468750000e+01
-2.571478271484375000e+01
-2.347961425781250000e+01
-2.365783691406250000e+01
-2.397125244140625000e+01
-2.425097656250000000e+01
-2.489562988281250000e+01
-2.551928710937500000e+01
-2.321514892578125000e+01
-2.339910888671875000e+01
-2.372009277343750000e+01
-2.400384521484375000e+01
-2.465191650390625000e+01
-2.527636718750000000e+01
-2.284710693359375000e+01
-2.304107666015625000e+01
-2.337530517578125000e+01
-2.366613769531250000e+01
-2.432049560546875000e+01
-2.494628906250000000e+01
-2.634338378906250000e+01
-2.646685791015625000e+01
-2.671380615234375000e+01
-2.696057128906250000e+01
-2.757727050781250000e+01
-2.819348144531250000e+01
-2.621881103515625000e+01
-2.634234619140625000e+01
-2.658923339843750000e+01
-2.683612060546875000e+01
-2.745288085937500000e+01
-2.806915283203125000e+01
-2.607720947265625000e+01
-2.620074462890625000e+01
-2.644775390625000000e+01
-2.669464111328125000e+01
-2.731152343750000000e+01
-2.792785644531250000e+01
-2.591174316406250000e+01
-2.603527832031250000e+01
-2.628228759765625000e+01
-2.652923583984375000e+01
-2.714624023437500000e+01
-2.776275634765625000e+01
-2.570782470703125000e+01
-2.583142089843750000e+01
-2.607849121093750000e+01
-2.632550048828125000e+01
-2.694262695312500000e+01
-2.755926513671875000e+01
-2.545886230468750000e+01
-2.558245849609375000e+01
-2.582958984375000000e+01
-2.607666015625000000e+01
-2.669396972656250000e+01
-2.731072998046875000e+01
-2.512921142578125000e+01
-2.525286865234375000e+01
-2.550012207031250000e+01
-2.574725341796875000e+01
-2.636480712890625000e+01
-2.698175048828125000e+01
-2.458715820312500000e+01
-2.471087646484375000e+01
-2.495831298828125000e+01
-2.520556640625000000e+01
-2.582348632812500000e+01
-2.644085693359375000e+01
-2.623651123046875000e+01
-2.635998535156250000e+01
-2.660693359375000000e+01
-2.685375976562500000e+01
-2.747058105468750000e+01
-2.808679199218750000e+01
-2.609362792968750000e+01
-2.621716308593750000e+01
-2.646417236328125000e+01
-2.671105957031250000e+01
-2.732794189453125000e+01
-2.794433593750000000e+01
-2.592669677734375000e+01
-2.605035400390625000e+01
-2.629742431640625000e+01
-2.654443359375000000e+01
-2.716143798828125000e+01
-2.777795410156250000e+01
-2.571875000000000000e+01
-2.584271240234375000e+01
-2.609020996093750000e+01
-2.633740234375000000e+01
-2.695465087890625000e+01
-2.757128906250000000e+01
-2.544476318359375000e+01
-2.557006835937500000e+01
-2.581909179687500000e+01
-2.606695556640625000e+01
-2.668493652343750000e+01
-2.730187988281250000e+01
-2.504870605468750000e+01
-2.517883300781250000e+01
-2.543316650390625000e+01
-2.568353271484375000e+01
-2.630358886718750000e+01
-2.692120361328125000e+01
-2.444396972656250000e+01
-2.458630371093750000e+01
-2.485491943359375000e+01
-2.511206054687500000e+01
-2.573767089843750000e+01
-2.635687255859375000e+01
-2.359222412109375000e+01
-2.375756835937500000e+01
-2.405444335937500000e+01
-2.432568359375000000e+01
-2.496313476562500000e+01
-2.558508300781250000e+01
-2.600994873046875000e+01
-2.613616943359375000e+01
-2.638604736328125000e+01
-2.663427734375000000e+01
-2.725219726562500000e+01
-2.786883544921875000e+01
-2.580004882812500000e+01
-2.592871093750000000e+01
-2.618133544921875000e+01
-2.643078613281250000e+01
-2.704974365234375000e+01
-2.766680908203125000e+01
-2.553857421875000000e+01
-2.567120361328125000e+01
-2.592840576171875000e+01
-2.617993164062500000e+01
-2.680072021484375000e+01
-2.741827392578125000e+01
-2.521368408203125000e+01
-2.535229492187500000e+01
-2.561633300781250000e+01
-2.587121582031250000e+01
-2.649462890625000000e+01
-2.711297607421875000e+01
-2.482019042968750000e+01
-2.496685791015625000e+01
-2.524047851562500000e+01
-2.549993896484375000e+01
-2.612725830078125000e+01
-2.674658203125000000e+01
-2.435723876953125000e+01
-2.451397705078125000e+01
-2.479992675781250000e+01
-2.506549072265625000e+01
-2.569793701171875000e+01
-2.631854248046875000e+01
-2.382214355468750000e+01
-2.399145507812500000e+01
-2.429321289062500000e+01
-2.456677246093750000e+01
-2.520599365234375000e+01
-2.582818603515625000e+01
-2.318920898437500000e+01
-2.337591552734375000e+01
-2.370037841796875000e+01
-2.398590087890625000e+01
-2.463537597656250000e+01
-2.525982666015625000e+01
-2.530621337890625000e+01
-2.545385742187500000e+01
-2.572857666015625000e+01
-2.598852539062500000e+01
-2.661596679687500000e+01
-2.723516845703125000e+01
-2.506109619140625000e+01
-2.521313476562500000e+01
-2.549322509765625000e+01
-2.575573730468750000e+01
-2.638543701171875000e+01
-2.700518798828125000e+01
-2.479754638671875000e+01
-2.495428466796875000e+01
-2.524029541015625000e+01
-2.550573730468750000e+01
-2.613793945312500000e+01
-2.675830078125000000e+01
-2.451416015625000000e+01
-2.467614746093750000e+01
-2.496862792968750000e+01
-2.523742675781250000e+01
-2.587237548828125000e+01
-2.649340820312500000e+01
-2.420758056640625000e+01
-2.437536621093750000e+01
-2.467523193359375000e+01
-2.494781494140625000e+01
-2.558593750000000000e+01
-2.620776367187500000e+01
-2.386907958984375000e+01
-2.404376220703125000e+01
-2.435241699218750000e+01
-2.462951660156250000e+01
-2.527160644531250000e+01
-2.589434814453125000e+01
-2.347967529296875000e+01
-2.366308593750000000e+01
-2.398321533203125000e+01
-2.426635742187500000e+01
-2.491363525390625000e+01
-2.553753662109375000e+01
-2.299151611328125000e+01
-2.318829345703125000e+01
-2.352636718750000000e+01
-2.381915283203125000e+01
-2.447485351562500000e+01
-2.510058593750000000e+01
-2.490307617187500000e+01
-2.506213378906250000e+01
-2.535083007812500000e+01
-2.561767578125000000e+01
-2.625091552734375000e+01
-2.687145996093750000e+01
-2.469885253906250000e+01
-2.486120605468750000e+01
-2.515411376953125000e+01
-2.542303466796875000e+01
-2.605810546875000000e+01
-2.667907714843750000e+01
-2.448217773437500000e+01
-2.464819335937500000e+01
-2.494561767578125000e+01
-2.521691894531250000e+01
-2.585394287109375000e+01
-2.647546386718750000e+01
-2.424981689453125000e+01
-2.441979980468750000e+01
-2.472235107421875000e+01
-2.499627685546875000e+01
-2.563555908203125000e+01
-2.625762939453125000e+01
-2.399584960937500000e+01
-2.417041015625000000e+01
-2.447900390625000000e+01
-2.475604248046875000e+01
-2.539794921875000000e+01
-2.602062988281250000e+01
-2.370971679687500000e+01
-2.388995361328125000e+01
-2.420587158203125000e+01
-2.448675537109375000e+01
-2.513208007812500000e+01
-2.575549316406250000e+01
-2.337042236328125000e+01
-2.355822753906250000e+01
-2.388421630859375000e+01
-2.417047119140625000e+01
-2.482043457031250000e+01
-2.544488525390625000e+01
-2.292810058593750000e+01
-2.312811279296875000e+01
-2.347052001953125000e+01
-2.376568603515625000e+01
-2.442346191406250000e+01
-2.504956054687500000e+01
-2.469305419921875000e+01
-2.485748291015625000e+01
-2.515307617187500000e+01
-2.542340087890625000e+01
-2.605950927734375000e+01
-2.668078613281250000e+01
-2.451556396484375000e+01
-2.468280029296875000e+01
-2.498187255859375000e+01
-2.525396728515625000e+01
-2.589166259765625000e+01
-2.651330566406250000e+01
-2.432617187500000000e+01
-2.449645996093750000e+01
-2.479937744140625000e+01
-2.507348632812500000e+01
-2.571289062500000000e+01
-2.633496093750000000e+01
-2.412078857421875000e+01
-2.429455566406250000e+01
-2.460192871093750000e+01
-2.487835693359375000e+01
-2.551977539062500000e+01
-2.614227294921875000e+01
-2.389324951171875000e+01
-2.407110595703125000e+01
-2.438378906250000000e+01
-2.466302490234375000e+01
-2.530682373046875000e+01
-2.592987060546875000e+01
-2.363256835937500000e+01
-2.381549072265625000e+01
-2.413488769531250000e+01
-2.441766357421875000e+01
-2.506457519531250000e+01
-2.568835449218750000e+01
-2.331726074218750000e+01
-2.350726318359375000e+01
-2.383605957031250000e+01
-2.412390136718750000e+01
-2.477508544921875000e+01
-2.539984130859375000e+01
-2.289691162109375000e+01
-2.309851074218750000e+01
-2.344311523437500000e+01
-2.373950195312500000e+01
-2.439819335937500000e+01
-2.502453613281250000e+01
-2.448748779296875000e+01
-2.465704345703125000e+01
-2.495910644531250000e+01
-2.523266601562500000e+01
-2.587164306640625000e+01
-2.649353027343750000e+01
-2.433752441406250000e+01
-2.450933837890625000e+01
-2.481420898437500000e+01
-2.508935546875000000e+01
-2.572955322265625000e+01
-2.635180664062500000e+01
-2.417504882812500000e+01
-2.434942626953125000e+01
-2.465759277343750000e+01
-2.493444824218750000e+01
-2.557611083984375000e+01
-2.619873046875000000e+01
-2.399603271484375000e+01
-2.417333984375000000e+01
-2.448535156250000000e+01
-2.476422119140625000e+01
-2.540765380859375000e+01
-2.603063964843750000e+01
-2.379388427734375000e+01
-2.397479248046875000e+01
-2.429156494140625000e+01
-2.457287597656250000e+01
-2.521844482421875000e+01
-2.584191894531250000e+01
-2.355749511718750000e+01
-2.374304199218750000e+01
-2.406591796875000000e+01
-2.435046386718750000e+01
-2.499890136718750000e+01
-2.562298583984375000e+01
-2.326525878906250000e+01
-2.345733642578125000e+01
-2.378894042968750000e+01
-2.407824707031250000e+01
-2.473077392578125000e+01
-2.535577392578125000e+01
-2.286621093750000000e+01
-2.306933593750000000e+01
-2.341607666015625000e+01
-2.371356201171875000e+01
-2.437335205078125000e+01
-2.499987792968750000e+01
-2.438830566406250000e+01
-2.456024169921875000e+01
-2.486535644531250000e+01
-2.514050292968750000e+01
-2.578082275390625000e+01
-2.640301513671875000e+01
-2.425158691406250000e+01
-2.442553710937500000e+01
-2.473321533203125000e+01
-2.500976562500000000e+01
-2.565124511718750000e+01
-2.627374267578125000e+01
-2.410205078125000000e+01
-2.427832031250000000e+01
-2.458905029296875000e+01
-2.486718750000000000e+01
-2.551000976562500000e+01
-2.613281250000000000e+01
-2.393560791015625000e+01
-2.411456298828125000e+01
-2.442883300781250000e+01
-2.470886230468750000e+01
-2.535333251953125000e+01
-2.597650146484375000e+01
-2.374560546875000000e+01
-2.392797851562500000e+01
-2.424664306640625000e+01
-2.452905273437500000e+01
-2.517553710937500000e+01
-2.579919433593750000e+01
-2.352081298828125000e+01
-2.370764160156250000e+01
-2.403216552734375000e+01
-2.431762695312500000e+01
-2.496685791015625000e+01
-2.559112548828125000e+01
-2.323968505859375000e+01
-2.343280029296875000e+01
-2.376580810546875000e+01
-2.405584716796875000e+01
-2.470904541015625000e+01
-2.533416748046875000e+01
-2.285101318359375000e+01
-2.305493164062500000e+01
-2.340264892578125000e+01
-2.370080566406250000e+01
-2.436102294921875000e+01
-2.498767089843750000e+01
-2.433026123046875000e+01
-2.450360107421875000e+01
-2.481042480468750000e+01
-2.508654785156250000e+01
-2.572766113281250000e+01
-2.635003662109375000e+01
-2.420123291015625000e+01
-2.437646484375000000e+01
-2.468572998046875000e+01
-2.496313476562500000e+01
-2.560534667968750000e+01
-2.622802734375000000e+01
-2.405920410156250000e+01
-2.423663330078125000e+01
-2.454876708984375000e+01
-2.482769775390625000e+01
-2.547113037109375000e+01
-2.609411621093750000e+01
-2.390002441406250000e+01
-2.408001708984375000e+01
-2.439562988281250000e+01
-2.467633056640625000e+01
-2.532135009765625000e+01
-2.594464111328125000e+01
-2.371704101562500000e+01
-2.390032958984375000e+01
-2.422015380859375000e+01
-2.450317382812500000e+01
-2.515014648437500000e+01
-2.577392578125000000e+01
-2.349914550781250000e+01
-2.368664550781250000e+01
-2.401220703125000000e+01
-2.429821777343750000e+01
-2.494787597656250000e+01
-2.557220458984375000e+01
-2.322448730468750000e+01
-2.341821289062500000e+01
-2.375207519531250000e+01
-2.404254150390625000e+01
-2.469610595703125000e+01
-2.532128906250000000e+01
-2.284191894531250000e+01
-2.304632568359375000e+01
-2.339471435546875000e+01
-2.369311523437500000e+01
-2.435369873046875000e+01
-2.498040771484375000e+01
-2.647894287109375000e+01
-2.660241699218750000e+01
-2.684918212890625000e+01
-2.709588623046875000e+01
-2.771234130859375000e+01
-2.832824707031250000e+01
-2.635235595703125000e+01
-2.647576904296875000e+01
-2.672259521484375000e+01
-2.696936035156250000e+01
-2.758587646484375000e+01
-2.820190429687500000e+01
-2.620947265625000000e+01
-2.633294677734375000e+01
-2.657983398437500000e+01
-2.682666015625000000e+01
-2.744329833984375000e+01
-2.805944824218750000e+01
-2.604046630859375000e+01
-2.616394042968750000e+01
-2.641088867187500000e+01
-2.665771484375000000e+01
-2.727447509765625000e+01
-2.789074707031250000e+01
-2.583441162109375000e+01
-2.595794677734375000e+01
-2.620495605468750000e+01
-2.645184326171875000e+01
-2.706878662109375000e+01
-2.768518066406250000e+01
-2.558508300781250000e+01
-2.570867919921875000e+01
-2.595568847656250000e+01
-2.620269775390625000e+01
-2.681976318359375000e+01
-2.743634033203125000e+01
-2.525024414062500000e+01
-2.537384033203125000e+01
-2.562097167968750000e+01
-2.586804199218750000e+01
-2.648535156250000000e+01
-2.710217285156250000e+01
-2.468200683593750000e+01
-2.480572509765625000e+01
-2.505303955078125000e+01
-2.530029296875000000e+01
-2.591796875000000000e+01
-2.653515625000000000e+01
-2.637036132812500000e+01
-2.649377441406250000e+01
-2.674066162109375000e+01
-2.698736572265625000e+01
-2.760388183593750000e+01
-2.821990966796875000e+01
-2.622546386718750000e+01
-2.634893798828125000e+01
-2.659582519531250000e+01
-2.684265136718750000e+01
-2.745928955078125000e+01
-2.807543945312500000e+01
-2.605609130859375000e+01
-2.617968750000000000e+01
-2.642669677734375000e+01
-2.667358398437500000e+01
-2.729040527343750000e+01
-2.790661621093750000e+01
-2.584466552734375000e+01
-2.596868896484375000e+01
-2.621612548828125000e+01
-2.646325683593750000e+01
-2.708032226562500000e+01
-2.769677734375000000e+01
-2.556579589843750000e+01
-2.569140625000000000e+01
-2.594061279296875000e+01
-2.618853759765625000e+01
-2.680639648437500000e+01
-2.742315673828125000e+01
-2.515594482421875000e+01
-2.528698730468750000e+01
-2.554241943359375000e+01
-2.579321289062500000e+01
-2.641351318359375000e+01
-2.703100585937500000e+01
-2.452178955078125000e+01
-2.466644287109375000e+01
-2.493774414062500000e+01
-2.519616699218750000e+01
-2.582269287109375000e+01
-2.644189453125000000e+01
-2.363391113281250000e+01
-2.380310058593750000e+01
-2.410485839843750000e+01
-2.437854003906250000e+01
-2.501782226562500000e+01
-2.564001464843750000e+01
-2.613610839843750000e+01
-2.626275634765625000e+01
-2.651312255859375000e+01
-2.676147460937500000e+01
-2.737933349609375000e+01
-2.799578857421875000e+01
-2.591973876953125000e+01
-2.604925537109375000e+01
-2.630273437500000000e+01
-2.655255126953125000e+01
-2.717163085937500000e+01
-2.778851318359375000e+01
-2.564904785156250000e+01
-2.578314208984375000e+01
-2.604187011718750000e+01
-2.629412841796875000e+01
-2.691528320312500000e+01
-2.753277587890625000e+01
-2.531195068359375000e+01
-2.545275878906250000e+01
-2.571936035156250000e+01
-2.597528076171875000e+01
-2.659948730468750000e+01
-2.721783447265625000e+01
-2.490338134765625000e+01
-2.505297851562500000e+01
-2.533020019531250000e+01
-2.559136962890625000e+01
-2.621984863281250000e+01
-2.683929443359375000e+01
-2.442254638671875000e+01
-2.458306884765625000e+01
-2.487371826171875000e+01
-2.514154052734375000e+01
-2.577563476562500000e+01
-2.639642333984375000e+01
-2.386834716796875000e+01
-2.404205322265625000e+01
-2.434942626953125000e+01
-2.462591552734375000e+01
-2.526733398437500000e+01
-2.588977050781250000e+01
-2.321624755859375000e+01
-2.340802001953125000e+01
-2.373925781250000000e+01
-2.402832031250000000e+01
-2.468066406250000000e+01
-2.530548095703125000e+01
-2.539434814453125000e+01
-2.554522705078125000e+01
-2.582379150390625000e+01
-2.608557128906250000e+01
-2.671429443359375000e+01
-2.733355712890625000e+01
-2.514117431640625000e+01
-2.529681396484375000e+01
-2.558129882812500000e+01
-2.584594726562500000e+01
-2.647717285156250000e+01
-2.709704589843750000e+01
-2.486932373046875000e+01
-2.503009033203125000e+01
-2.532092285156250000e+01
-2.558880615234375000e+01
-2.622271728515625000e+01
-2.684332275390625000e+01
-2.457739257812500000e+01
-2.474371337890625000e+01
-2.504156494140625000e+01
-2.531298828125000000e+01
-2.594995117187500000e+01
-2.657122802734375000e+01
-2.426177978515625000e+01
-2.443420410156250000e+01
-2.473986816406250000e+01
-2.501538085937500000e+01
-2.565582275390625000e+01
-2.627789306640625000e+01
-2.391351318359375000e+01
-2.409307861328125000e+01
-2.440802001953125000e+01
-2.468835449218750000e+01
-2.533294677734375000e+01
-2.595599365234375000e+01
-2.351330566406250000e+01
-2.370184326171875000e+01
-2.402874755859375000e+01
-2.431542968750000000e+01
-2.496557617187500000e+01
-2.558984375000000000e+01
-2.301269531250000000e+01
-2.321502685546875000e+01
-2.356066894531250000e+01
-2.385748291015625000e+01
-2.451654052734375000e+01
-2.514270019531250000e+01
-2.497357177734375000e+01
-2.513677978515625000e+01
-2.543072509765625000e+01
-2.570007324218750000e+01
-2.633520507812500000e+01
-2.695599365234375000e+01
-2.476373291015625000e+01
-2.493048095703125000e+01
-2.522888183593750000e+01
-2.550054931640625000e+01
-2.613763427734375000e+01
-2.675891113281250000e+01
-2.454132080078125000e+01
-2.471185302734375000e+01
-2.501507568359375000e+01
-2.528930664062500000e+01
-2.592852783203125000e+01
-2.655035400390625000e+01
-2.430279541015625000e+01
-2.447753906250000000e+01
-2.478619384765625000e+01
-2.506323242187500000e+01
-2.570489501953125000e+01
-2.632720947265625000e+01
-2.404217529296875000e+01
-2.422174072265625000e+01
-2.453668212890625000e+01
-2.481695556640625000e+01
-2.546148681640625000e+01
-2.608453369140625000e+01
-2.374853515625000000e+01
-2.393395996093750000e+01
-2.425659179687500000e+01
-2.454101562500000000e+01
-2.518908691406250000e+01
-2.581286621093750000e+01
-2.340051269531250000e+01
-2.359375000000000000e+01
-2.392681884765625000e+01
-2.421685791015625000e+01
-2.486981201171875000e+01
-2.549468994140625000e+01
-2.294757080078125000e+01
-2.315325927734375000e+01
-2.350347900390625000e+01
-2.380285644531250000e+01
-2.446405029296875000e+01
-2.509069824218750000e+01
-2.475561523437500000e+01
-2.492468261718750000e+01
-2.522595214843750000e+01
-2.549908447265625000e+01
-2.613745117187500000e+01
-2.675897216796875000e+01
-2.457379150390625000e+01
-2.474566650390625000e+01
-2.505072021484375000e+01
-2.532580566406250000e+01
-2.596575927734375000e+01
-2.658770751953125000e+01
-2.437963867187500000e+01
-2.455474853515625000e+01
-2.486389160156250000e+01
-2.514111328125000000e+01
-2.578295898437500000e+01
-2.640533447265625000e+01
-2.416925048828125000e+01
-2.434796142578125000e+01
-2.466174316406250000e+01
-2.494146728515625000e+01
-2.558544921875000000e+01
-2.620825195312500000e+01
-2.393609619140625000e+01
-2.411901855468750000e+01
-2.443841552734375000e+01
-2.472100830078125000e+01
-2.536755371093750000e+01
-2.599096679687500000e+01
-2.366888427734375000e+01
-2.385705566406250000e+01
-2.418347167968750000e+01
-2.446984863281250000e+01
-2.511956787109375000e+01
-2.574377441406250000e+01
-2.334582519531250000e+01
-2.354119873046875000e+01
-2.387731933593750000e+01
-2.416894531250000000e+01
-2.482336425781250000e+01
-2.544854736328125000e+01
-2.291558837890625000e+01
-2.312292480468750000e+01
-2.347540283203125000e+01
-2.377606201171875000e+01
-2.443835449218750000e+01
-2.506524658203125000e+01
-2.454309082031250000e+01
-2.471752929687500000e+01
-2.502569580078125000e+01
-2.530242919921875000e+01
-2.594384765625000000e+01
-2.656604003906250000e+01
-2.438970947265625000e+01
-2.456646728515625000e+01
-2.487768554687500000e+01
-2.515600585937500000e+01
-2.579876708984375000e+01
-2.642132568359375000e+01
-2.422357177734375000e+01
-2.440295410156250000e+01
-2.471765136718750000e+01
-2.499774169921875000e+01
-2.564208984375000000e+01
-2.626501464843750000e+01
-2.404040527343750000e+01
-2.422283935546875000e+01
-2.454156494140625000e+01
-2.482379150390625000e+01
-2.546997070312500000e+01
-2.609332275390625000e+01
-2.383355712890625000e+01
-2.401965332031250000e+01
-2.434326171875000000e+01
-2.462817382812500000e+01
-2.527661132812500000e+01
-2.590051269531250000e+01
-2.359149169921875000e+01
-2.378240966796875000e+01
-2.411236572265625000e+01
-2.440069580078125000e+01
-2.505212402343750000e+01
-2.567663574218750000e+01
-2.329223632812500000e+01
-2.348986816406250000e+01
-2.382891845703125000e+01
-2.412219238281250000e+01
-2.477795410156250000e+01
-2.540338134765625000e+01
-2.288409423828125000e+01
-2.309301757812500000e+01
-2.344775390625000000e+01
-2.374963378906250000e+01
-2.441302490234375000e+01
-2.504010009765625000e+01
-2.444079589843750000e+01
-2.461773681640625000e+01
-2.492913818359375000e+01
-2.520758056640625000e+01
-2.585040283203125000e+01
-2.647296142578125000e+01
-2.430108642578125000e+01
-2.448010253906250000e+01
-2.479431152343750000e+01
-2.507415771484375000e+01
-2.571820068359375000e+01
-2.634106445312500000e+01
-2.414831542968750000e+01
-2.432965087890625000e+01
-2.464703369140625000e+01
-2.492852783203125000e+01
-2.557403564453125000e+01
-2.619726562500000000e+01
-2.397808837890625000e+01
-2.416229248046875000e+01
-2.448333740234375000e+01
-2.476684570312500000e+01
-2.541412353515625000e+01
-2.603765869140625000e+01
-2.378375244140625000e+01
-2.397143554687500000e+01
-2.429705810546875000e+01
-2.458306884765625000e+01
-2.523248291015625000e+01
-2.585650634765625000e+01
-2.355371093750000000e+01
-2.374591064453125000e+01
-2.407769775390625000e+01
-2.436694335937500000e+01
-2.501916503906250000e+01
-2.564385986328125000e+01
-2.326593017578125000e+01
-2.346466064453125000e+01
-2.380517578125000000e+01
-2.409918212890625000e+01
-2.475561523437500000e+01
-2.538122558593750000e+01
-2.286846923828125000e+01
-2.307824707031250000e+01
-2.343408203125000000e+01
-2.373657226562500000e+01
-2.440051269531250000e+01
-2.502770996093750000e+01
-2.438098144531250000e+01
-2.455932617187500000e+01
-2.487268066406250000e+01
-2.515209960937500000e+01
-2.579577636718750000e+01
-2.641851806640625000e+01
-2.424920654296875000e+01
-2.442950439453125000e+01
-2.474542236328125000e+01
-2.502618408203125000e+01
-2.567102050781250000e+01
-2.629406738281250000e+01
-2.410412597656250000e+01
-2.428668212890625000e+01
-2.460559082031250000e+01
-2.488793945312500000e+01
-2.553411865234375000e+01
-2.615747070312500000e+01
-2.394140625000000000e+01
-2.412664794921875000e+01
-2.444909667968750000e+01
-2.473333740234375000e+01
-2.538122558593750000e+01
-2.600494384765625000e+01
-2.375433349609375000e+01
-2.394293212890625000e+01
-2.426983642578125000e+01
-2.455645751953125000e+01
-2.520642089843750000e+01
-2.583062744140625000e+01
-2.353137207031250000e+01
-2.372436523437500000e+01
-2.405712890625000000e+01
-2.434698486328125000e+01
-2.499969482421875000e+01
-2.562451171875000000e+01
-2.325036621093750000e+01
-2.344964599609375000e+01
-2.379101562500000000e+01
-2.408557128906250000e+01
-2.474243164062500000e+01
-2.536810302734375000e+01
-2.285919189453125000e+01
-2.306939697265625000e+01
-2.342590332031250000e+01
-2.372875976562500000e+01
-2.439300537109375000e+01
-2.502026367187500000e+01
-2.662524414062500000e+01
-2.674859619140625000e+01
-2.699530029296875000e+01
-2.724188232421875000e+01
-2.785803222656250000e+01
-2.847369384765625000e+01
-2.649639892578125000e+01
-2.661981201171875000e+01
-2.686657714843750000e+01
-2.711322021484375000e+01
-2.772943115234375000e+01
-2.834521484375000000e+01
-2.635229492187500000e+01
-2.647570800781250000e+01
-2.672247314453125000e+01
-2.696917724609375000e+01
-2.758557128906250000e+01
-2.820147705078125000e+01
-2.618157958984375000e+01
-2.630499267578125000e+01
-2.655187988281250000e+01
-2.679858398437500000e+01
-2.741516113281250000e+01
-2.803112792968750000e+01
-2.597564697265625000e+01
-2.609918212890625000e+01
-2.634606933593750000e+01
-2.659289550781250000e+01
-2.720953369140625000e+01
-2.782568359375000000e+01
-2.572528076171875000e+01
-2.584881591796875000e+01
-2.609576416015625000e+01
-2.634265136718750000e+01
-2.695953369140625000e+01
-2.757586669921875000e+01
-2.538238525390625000e+01
-2.550598144531250000e+01
-2.575305175781250000e+01
-2.600000000000000000e+01
-2.661712646484375000e+01
-2.723370361328125000e+01
-2.478594970703125000e+01
-2.490960693359375000e+01
-2.515679931640625000e+01
-2.540399169921875000e+01
-2.602148437500000000e+01
-2.663848876953125000e+01
-2.651495361328125000e+01
-2.663830566406250000e+01
-2.688507080078125000e+01
-2.713171386718750000e+01
-2.774792480468750000e+01
-2.836370849609375000e+01
-2.636816406250000000e+01
-2.649163818359375000e+01
-2.673840332031250000e+01
-2.698510742187500000e+01
-2.760150146484375000e+01
-2.821740722656250000e+01
-2.619744873046875000e+01
-2.632098388671875000e+01
-2.656793212890625000e+01
-2.681469726562500000e+01
-2.743127441406250000e+01
-2.804730224609375000e+01
-2.598406982421875000e+01
-2.610809326171875000e+01
-2.635552978515625000e+01
-2.660260009765625000e+01
-2.721948242187500000e+01
-2.783569335937500000e+01
-2.569982910156250000e+01
-2.582568359375000000e+01
-2.607519531250000000e+01
-2.632318115234375000e+01
-2.694091796875000000e+01
-2.755749511718750000e+01
-2.527355957031250000e+01
-2.540557861328125000e+01
-2.566198730468750000e+01
-2.591320800781250000e+01
-2.653363037109375000e+01
-2.715106201171875000e+01
-2.460797119140625000e+01
-2.475451660156250000e+01
-2.502807617187500000e+01
-2.528753662109375000e+01
-2.591473388671875000e+01
-2.653393554687500000e+01
-2.368450927734375000e+01
-2.385632324218750000e+01
-2.416137695312500000e+01
-2.443664550781250000e+01
-2.507720947265625000e+01
-2.569958496093750000e+01
-2.627288818359375000e+01
-2.640002441406250000e+01
-2.665081787109375000e+01
-2.689929199218750000e+01
-2.751708984375000000e+01
-2.813336181640625000e+01
-2.605010986328125000e+01
-2.618041992187500000e+01
-2.643481445312500000e+01
-2.668493652343750000e+01
-2.730413818359375000e+01
-2.792089843750000000e+01
-2.577020263671875000e+01
-2.590563964843750000e+01
-2.616589355468750000e+01
-2.641876220703125000e+01
-2.704022216796875000e+01
-2.765765380859375000e+01
-2.542034912109375000e+01
-2.556311035156250000e+01
-2.583190917968750000e+01
-2.608892822265625000e+01
-2.671380615234375000e+01
-2.733209228515625000e+01
-2.499560546875000000e+01
-2.514776611328125000e+01
-2.542797851562500000e+01
-2.569049072265625000e+01
-2.632000732421875000e+01
-2.693951416015625000e+01
-2.449645996093750000e+01
-2.465985107421875000e+01
-2.495404052734375000e+01
-2.522357177734375000e+01
-2.585900878906250000e+01
-2.647991943359375000e+01
-2.392352294921875000e+01
-2.410021972656250000e+01
-2.441156005859375000e+01
-2.468994140625000000e+01
-2.533288574218750000e+01
-2.595556640625000000e+01
-2.325354003906250000e+01
-2.344836425781250000e+01
-2.378369140625000000e+01
-2.407489013671875000e+01
-2.472900390625000000e+01
-2.535406494140625000e+01
-2.549108886718750000e+01
-2.564471435546875000e+01
-2.592657470703125000e+01
-2.618988037109375000e+01
-2.681976318359375000e+01
-2.743908691406250000e+01
-2.522998046875000000e+01
-2.538861083984375000e+01
-2.567669677734375000e+01
-2.594305419921875000e+01
-2.657556152343750000e+01
-2.719555664062500000e+01
-2.494995117187500000e+01
-2.511383056640625000e+01
-2.540856933593750000e+01
-2.567828369140625000e+01
-2.631365966796875000e+01
-2.693438720703125000e+01
-2.464947509765625000e+01
-2.481903076171875000e+01
-2.512097167968750000e+01
-2.539440917968750000e+01
-2.603295898437500000e+01
-2.665447998046875000e+01
-2.432495117187500000e+01
-2.450067138671875000e+01
-2.481060791015625000e+01
-2.508825683593750000e+01
-2.573034667968750000e+01
-2.635266113281250000e+01
-2.396722412109375000e+01
-2.415008544921875000e+01
-2.446936035156250000e+01
-2.475189208984375000e+01
-2.539825439453125000e+01
-2.602160644531250000e+01
-2.355682373046875000e+01
-2.374865722656250000e+01
-2.407989501953125000e+01
-2.436889648437500000e+01
-2.502087402343750000e+01
-2.564544677734375000e+01
-2.304504394531250000e+01
-2.325054931640625000e+01
-2.360058593750000000e+01
-2.389978027343750000e+01
-2.456079101562500000e+01
-2.518725585937500000e+01
-2.505261230468750000e+01
-2.521905517578125000e+01
-2.551708984375000000e+01
-2.578845214843750000e+01
-2.642510986328125000e+01
-2.704608154296875000e+01
-2.483734130859375000e+01
-2.500738525390625000e+01
-2.530999755859375000e+01
-2.558380126953125000e+01
-2.622247314453125000e+01
-2.684399414062500000e+01
-2.460925292968750000e+01
-2.478320312500000000e+01
-2.509082031250000000e+01
-2.536718750000000000e+01
-2.600811767578125000e+01
-2.663012695312500000e+01
-2.436480712890625000e+01
-2.454296875000000000e+01
-2.485607910156250000e+01
-2.513531494140625000e+01
-2.577874755859375000e+01
-2.640136718750000000e+01
-2.409777832031250000e+01
-2.428076171875000000e+01
-2.460015869140625000e+01
-2.488275146484375000e+01
-2.552911376953125000e+01
-2.615240478515625000e+01
-2.379705810546875000e+01
-2.398583984375000000e+01
-2.431298828125000000e+01
-2.459973144531250000e+01
-2.524963378906250000e+01
-2.587371826171875000e+01
-2.344097900390625000e+01
-2.363751220703125000e+01
-2.397503662109375000e+01
-2.426745605468750000e+01
-2.492230224609375000e+01
-2.554748535156250000e+01
-2.297851562500000000e+01
-2.318743896484375000e+01
-2.354211425781250000e+01
-2.384393310546875000e+01
-2.450720214843750000e+01
-2.513415527343750000e+01
-2.482690429687500000e+01
-2.499938964843750000e+01
-2.530499267578125000e+01
-2.558032226562500000e+01
-2.622033691406250000e+01
-2.684210205078125000e+01
-2.464080810546875000e+01
-2.481622314453125000e+01
-2.512561035156250000e+01
-2.540295410156250000e+01
-2.604467773437500000e+01
-2.666680908203125000e+01
-2.444226074218750000e+01
-2.462078857421875000e+01
-2.493438720703125000e+01
-2.521392822265625000e+01
-2.585754394531250000e+01
-2.648010253906250000e+01
-2.422698974609375000e+01
-2.440917968750000000e+01
-2.472747802734375000e+01
-2.500946044921875000e+01
-2.565527343750000000e+01
-2.627838134765625000e+01
-2.398846435546875000e+01
-2.417480468750000000e+01
-2.449871826171875000e+01
-2.478369140625000000e+01
-2.543212890625000000e+01
-2.605578613281250000e+01
-2.371508789062500000e+01
-2.390667724609375000e+01
-2.423760986328125000e+01
-2.452636718750000000e+01
-2.517803955078125000e+01
-2.580249023437500000e+01
-2.338482666015625000e+01
-2.358361816406250000e+01
-2.392419433593750000e+01
-2.421826171875000000e+01
-2.487463378906250000e+01
-2.550006103515625000e+01
-2.294592285156250000e+01
-2.315649414062500000e+01
-2.351348876953125000e+01
-2.381658935546875000e+01
-2.448095703125000000e+01
-2.510815429687500000e+01
-2.460766601562500000e+01
-2.478558349609375000e+01
-2.509832763671875000e+01
-2.537731933593750000e+01
-2.602050781250000000e+01
-2.664300537109375000e+01
-2.445104980468750000e+01
-2.463128662109375000e+01
-2.494708251953125000e+01
-2.522772216796875000e+01
-2.587231445312500000e+01
-2.649511718750000000e+01
-2.428137207031250000e+01
-2.446423339843750000e+01
-2.478350830078125000e+01
-2.506597900390625000e+01
-2.571215820312500000e+01
-2.633532714843750000e+01
-2.409423828125000000e+01
-2.428021240234375000e+01
-2.460351562500000000e+01
-2.488812255859375000e+01
-2.553619384765625000e+01
-2.615979003906250000e+01
-2.388293457031250000e+01
-2.407250976562500000e+01
-2.440069580078125000e+01
-2.468798828125000000e+01
-2.533837890625000000e+01
-2.596252441406250000e+01
-2.363562011718750000e+01
-2.382989501953125000e+01
-2.416448974609375000e+01
-2.445520019531250000e+01
-2.510858154296875000e+01
-2.573339843750000000e+01
-2.332995605468750000e+01
-2.353094482421875000e+01
-2.387457275390625000e+01
-2.417022705078125000e+01
-2.482800292968750000e+01
-2.545379638671875000e+01
-2.291375732421875000e+01
-2.312597656250000000e+01
-2.348522949218750000e+01
-2.378967285156250000e+01
-2.445513916015625000e+01
-2.508251953125000000e+01
-2.450238037109375000e+01
-2.468280029296875000e+01
-2.499884033203125000e+01
-2.527966308593750000e+01
-2.592431640625000000e+01
-2.654711914062500000e+01
-2.435986328125000000e+01
-2.454235839843750000e+01
-2.486120605468750000e+01
-2.514343261718750000e+01
-2.578936767578125000e+01
-2.641247558593750000e+01
-2.420391845703125000e+01
-2.438885498046875000e+01
-2.471075439453125000e+01
-2.499468994140625000e+01
-2.564208984375000000e+01
-2.626556396484375000e+01
-2.403015136718750000e+01
-2.421789550781250000e+01
-2.454357910156250000e+01
-2.482946777343750000e+01
-2.547863769531250000e+01
-2.610253906250000000e+01
-2.383172607421875000e+01
-2.402288818359375000e+01
-2.435314941406250000e+01
-2.464160156250000000e+01
-2.529296875000000000e+01
-2.591729736328125000e+01
-2.359680175781250000e+01
-2.379241943359375000e+01
-2.412878417968750000e+01
-2.442047119140625000e+01
-2.507470703125000000e+01
-2.569970703125000000e+01
-2.330303955078125000e+01
-2.350506591796875000e+01
-2.385015869140625000e+01
-2.414666748046875000e+01
-2.480517578125000000e+01
-2.543109130859375000e+01
-2.289788818359375000e+01
-2.311090087890625000e+01
-2.347125244140625000e+01
-2.377630615234375000e+01
-2.444238281250000000e+01
-2.506988525390625000e+01
-2.444091796875000000e+01
-2.462280273437500000e+01
-2.494073486328125000e+01
-2.522253417968750000e+01
-2.586810302734375000e+01
-2.649108886718750000e+01
-2.430651855468750000e+01
-2.449035644531250000e+01
-2.481091308593750000e+01
-2.509405517578125000e+01
-2.574078369140625000e+01
-2.636407470703125000e+01
-2.415850830078125000e+01
-2.434460449218750000e+01
-2.466815185546875000e+01
-2.495288085937500000e+01
-2.560101318359375000e+01
-2.622460937500000000e+01
-2.399249267578125000e+01
-2.418127441406250000e+01
-2.450836181640625000e+01
-2.479504394531250000e+01
-2.544482421875000000e+01
-2.606884765625000000e+01
-2.380151367187500000e+01
-2.399359130859375000e+01
-2.432513427734375000e+01
-2.461419677734375000e+01
-2.526617431640625000e+01
-2.589062500000000000e+01
-2.357385253906250000e+01
-2.377026367187500000e+01
-2.410772705078125000e+01
-2.439996337890625000e+01
-2.505468750000000000e+01
-2.567980957031250000e+01
-2.328704833984375000e+01
-2.348974609375000000e+01
-2.383569335937500000e+01
-2.413269042968750000e+01
-2.479156494140625000e+01
-2.541760253906250000e+01
-2.288842773437500000e+01
-2.310186767578125000e+01
-2.346295166015625000e+01
-2.376837158203125000e+01
-2.443475341796875000e+01
-2.506231689453125000e+01
-2.679516601562500000e+01
-2.691851806640625000e+01
-2.716503906250000000e+01
-2.741156005859375000e+01
-2.802740478515625000e+01
-2.864276123046875000e+01
-2.666497802734375000e+01
-2.678833007812500000e+01
-2.703491210937500000e+01
-2.728143310546875000e+01
-2.789746093750000000e+01
-2.851287841796875000e+01
-2.651983642578125000e+01
-2.664318847656250000e+01
-2.688989257812500000e+01
-2.713647460937500000e+01
-2.775256347656250000e+01
-2.836816406250000000e+01
-2.635064697265625000e+01
-2.647399902343750000e+01
-2.672076416015625000e+01
-2.696740722656250000e+01
-2.758361816406250000e+01
-2.819940185546875000e+01
-2.614508056640625000e+01
-2.626855468750000000e+01
-2.651531982421875000e+01
-2.676202392578125000e+01
-2.737841796875000000e+01
-2.799432373046875000e+01
-2.589105224609375000e+01
-2.601452636718750000e+01
-2.626141357421875000e+01
-2.650817871093750000e+01
-2.712475585937500000e+01
-2.774090576171875000e+01
-2.553717041015625000e+01
-2.566070556640625000e+01
-2.590765380859375000e+01
-2.615454101562500000e+01
-2.677142333984375000e+01
-2.738781738281250000e+01
-2.490747070312500000e+01
-2.503106689453125000e+01
-2.527819824218750000e+01
-2.552526855468750000e+01
-2.614257812500000000e+01
-2.675933837890625000e+01
-2.668383789062500000e+01
-2.680718994140625000e+01
-2.705377197265625000e+01
-2.730029296875000000e+01
-2.791625976562500000e+01
-2.853173828125000000e+01
-2.653619384765625000e+01
-2.665960693359375000e+01
-2.690625000000000000e+01
-2.715289306640625000e+01
-2.776898193359375000e+01
-2.838458251953125000e+01
-2.636535644531250000e+01
-2.648889160156250000e+01
-2.673571777343750000e+01
-2.698242187500000000e+01
-2.759875488281250000e+01
-2.821447753906250000e+01
-2.615063476562500000e+01
-2.627471923828125000e+01
-2.652215576171875000e+01
-2.676916503906250000e+01
-2.738574218750000000e+01
-2.800170898437500000e+01
-2.585858154296875000e+01
-2.598474121093750000e+01
-2.623449707031250000e+01
-2.648254394531250000e+01
-2.710015869140625000e+01
-2.771655273437500000e+01
-2.541143798828125000e+01
-2.554437255859375000e+01
-2.580181884765625000e+01
-2.605346679687500000e+01
-2.667401123046875000e+01
-2.729132080078125000e+01
-2.471105957031250000e+01
-2.485925292968750000e+01
-2.513476562500000000e+01
-2.539501953125000000e+01
-2.602276611328125000e+01
-2.664202880859375000e+01
-2.375134277343750000e+01
-2.392474365234375000e+01
-2.423187255859375000e+01
-2.450817871093750000e+01
-2.514947509765625000e+01
-2.577185058593750000e+01
-2.643353271484375000e+01
-2.656121826171875000e+01
-2.681250000000000000e+01
-2.706115722656250000e+01
-2.767889404296875000e+01
-2.829492187500000000e+01
-2.620391845703125000e+01
-2.633514404296875000e+01
-2.659051513671875000e+01
-2.684100341796875000e+01
-2.746032714843750000e+01
-2.807684326171875000e+01
-2.591363525390625000e+01
-2.605047607421875000e+01
-2.631225585937500000e+01
-2.656579589843750000e+01
-2.718756103515625000e+01
-2.780487060546875000e+01
-2.554895019531250000e+01
-2.569354248046875000e+01
-2.596453857421875000e+01
-2.622241210937500000e+01
-2.684790039062500000e+01
-2.746618652343750000e+01
-2.510559082031250000e+01
-2.525994873046875000e+01
-2.554272460937500000e+01
-2.580651855468750000e+01
-2.643682861328125000e+01
-2.705639648437500000e+01
-2.458660888671875000e+01
-2.475219726562500000e+01
-2.504913330078125000e+01
-2.532000732421875000e+01
-2.595642089843750000e+01
-2.657745361328125000e+01
-2.399462890625000000e+01
-2.417333984375000000e+01
-2.448712158203125000e+01
-2.476684570312500000e+01
-2.541076660156250000e+01
-2.603350830078125000e+01
-2.330718994140625000e+01
-2.350347900390625000e+01
-2.384075927734375000e+01
-2.413305664062500000e+01
-2.478796386718750000e+01
-2.541314697265625000e+01
-2.560614013671875000e+01
-2.576220703125000000e+01
-2.604699707031250000e+01
-2.631164550781250000e+01
-2.694250488281250000e+01
-2.756195068359375000e+01
-2.533654785156250000e+01
-2.549768066406250000e+01
-2.578881835937500000e+01
-2.605670166015625000e+01
-2.669018554687500000e+01
-2.731036376953125000e+01
-2.504772949218750000e+01
-2.521411132812500000e+01
-2.551202392578125000e+01
-2.578326416015625000e+01
-2.641973876953125000e+01
-2.704064941406250000e+01
-2.473822021484375000e+01
-2.491021728515625000e+01
-2.521527099609375000e+01
-2.549023437500000000e+01
-2.612994384765625000e+01
-2.675158691406250000e+01
-2.440429687500000000e+01
-2.458239746093750000e+01
-2.489526367187500000e+01
-2.517443847656250000e+01
-2.581768798828125000e+01
-2.644012451171875000e+01
-2.403698730468750000e+01
-2.422198486328125000e+01
-2.454400634765625000e+01
-2.482794189453125000e+01
-2.547540283203125000e+01
-2.609887695312500000e+01
-2.361663818359375000e+01
-2.381030273437500000e+01
-2.414392089843750000e+01
-2.443414306640625000e+01
-2.508709716796875000e+01
-2.571179199218750000e+01
-2.309423828125000000e+01
-2.330114746093750000e+01
-2.365295410156250000e+01
-2.395318603515625000e+01
-2.461492919921875000e+01
-2.524157714843750000e+01
-2.514862060546875000e+01
-2.531768798828125000e+01
-2.561895751953125000e+01
-2.589196777343750000e+01
-2.652978515625000000e+01
-2.715093994140625000e+01
-2.492767333984375000e+01
-2.510034179687500000e+01
-2.540618896484375000e+01
-2.568157958984375000e+01
-2.632147216796875000e+01
-2.694311523437500000e+01
-2.469378662109375000e+01
-2.487023925781250000e+01
-2.518096923828125000e+01
-2.545892333984375000e+01
-2.610107421875000000e+01
-2.672326660156250000e+01
-2.444317626953125000e+01
-2.462371826171875000e+01
-2.493988037109375000e+01
-2.522064208984375000e+01
-2.586529541015625000e+01
-2.648803710937500000e+01
-2.416961669921875000e+01
-2.435479736328125000e+01
-2.467712402343750000e+01
-2.496118164062500000e+01
-2.560864257812500000e+01
-2.623211669921875000e+01
-2.386181640625000000e+01
-2.405255126953125000e+01
-2.438232421875000000e+01
-2.467047119140625000e+01
-2.532147216796875000e+01
-2.594573974609375000e+01
-2.349792480468750000e+01
-2.369610595703125000e+01
-2.403601074218750000e+01
-2.432958984375000000e+01
-2.498547363281250000e+01
-2.561077880859375000e+01
-2.302648925781250000e+01
-2.323669433593750000e+01
-2.359320068359375000e+01
-2.389599609375000000e+01
-2.456005859375000000e+01
-2.518713378906250000e+01
-2.491485595703125000e+01
-2.508984375000000000e+01
-2.539880371093750000e+01
-2.567572021484375000e+01
-2.631695556640625000e+01
-2.693890380859375000e+01
-2.472442626953125000e+01
-2.490228271484375000e+01
-2.521490478515625000e+01
-2.549383544921875000e+01
-2.613677978515625000e+01
-2.675909423828125000e+01
-2.452117919921875000e+01
-2.470220947265625000e+01
-2.501892089843750000e+01
-2.529998779296875000e+01
-2.594482421875000000e+01
-2.656762695312500000e+01
-2.430102539062500000e+01
-2.448547363281250000e+01
-2.480676269531250000e+01
-2.509033203125000000e+01
-2.573730468750000000e+01
-2.636059570312500000e+01
-2.405700683593750000e+01
-2.424554443359375000e+01
-2.457226562500000000e+01
-2.485870361328125000e+01
-2.550823974609375000e+01
-2.613214111328125000e+01
-2.377758789062500000e+01
-2.397113037109375000e+01
-2.430462646484375000e+01
-2.459472656250000000e+01
-2.524749755859375000e+01
-2.587213134765625000e+01
-2.344042968750000000e+01
-2.364086914062500000e+01
-2.398376464843750000e+01
-2.427899169921875000e+01
-2.493634033203125000e+01
-2.556195068359375000e+01
-2.299334716796875000e+01
-2.320520019531250000e+01
-2.356396484375000000e+01
-2.386804199218750000e+01
-2.453320312500000000e+01
-2.516052246093750000e+01
-2.468865966796875000e+01
-2.486907958984375000e+01
-2.518505859375000000e+01
-2.546569824218750000e+01
-2.611010742187500000e+01
-2.673272705078125000e+01
-2.452874755859375000e+01
-2.471142578125000000e+01
-2.503033447265625000e+01
-2.531262207031250000e+01
-2.595843505859375000e+01
-2.658142089843750000e+01
-2.435546875000000000e+01
-2.454071044921875000e+01
-2.486297607421875000e+01
-2.514703369140625000e+01
-2.579443359375000000e+01
-2.641778564453125000e+01
-2.416442871093750000e+01
-2.435253906250000000e+01
-2.467877197265625000e+01
-2.496490478515625000e+01
-2.561419677734375000e+01
-2.623797607421875000e+01
-2.394854736328125000e+01
-2.414025878906250000e+01
-2.447119140625000000e+01
-2.475994873046875000e+01
-2.541143798828125000e+01
-2.603576660156250000e+01
-2.369610595703125000e+01
-2.389227294921875000e+01
-2.422937011718750000e+01
-2.452142333984375000e+01
-2.517590332031250000e+01
-2.580084228515625000e+01
-2.338439941406250000e+01
-2.358697509765625000e+01
-2.393280029296875000e+01
-2.422967529296875000e+01
-2.488836669921875000e+01
-2.551428222656250000e+01
-2.296069335937500000e+01
-2.317413330078125000e+01
-2.353515625000000000e+01
-2.384051513671875000e+01
-2.450677490234375000e+01
-2.513427734375000000e+01
-2.458032226562500000e+01
-2.476324462890625000e+01
-2.508245849609375000e+01
-2.536480712890625000e+01
-2.601074218750000000e+01
-2.663372802734375000e+01
-2.443493652343750000e+01
-2.461987304687500000e+01
-2.494177246093750000e+01
-2.522558593750000000e+01
-2.587274169921875000e+01
-2.649603271484375000e+01
-2.427587890625000000e+01
-2.446307373046875000e+01
-2.478802490234375000e+01
-2.507348632812500000e+01
-2.572210693359375000e+01
-2.634576416015625000e+01
-2.409851074218750000e+01
-2.428845214843750000e+01
-2.461700439453125000e+01
-2.490441894531250000e+01
-2.555480957031250000e+01
-2.617883300781250000e+01
-2.389599609375000000e+01
-2.408923339843750000e+01
-2.442224121093750000e+01
-2.471209716796875000e+01
-2.536456298828125000e+01
-2.598907470703125000e+01
-2.365637207031250000e+01
-2.385382080078125000e+01
-2.419268798828125000e+01
-2.448571777343750000e+01
-2.514099121093750000e+01
-2.576617431640625000e+01
-2.335687255859375000e+01
-2.356048583984375000e+01
-2.390783691406250000e+01
-2.420550537109375000e+01
-2.486486816406250000e+01
-2.549096679687500000e+01
-2.294451904296875000e+01
-2.315875244140625000e+01
-2.352093505859375000e+01
-2.382690429687500000e+01
-2.449371337890625000e+01
-2.512133789062500000e+01
-2.451715087890625000e+01
-2.470147705078125000e+01
-2.502258300781250000e+01
-2.530596923828125000e+01
-2.595275878906250000e+01
-2.657592773437500000e+01
-2.438012695312500000e+01
-2.456634521484375000e+01
-2.488995361328125000e+01
-2.517468261718750000e+01
-2.582263183593750000e+01
-2.644610595703125000e+01
-2.422918701171875000e+01
-2.441754150390625000e+01
-2.474407958984375000e+01
-2.503039550781250000e+01
-2.567968750000000000e+01
-2.630352783203125000e+01
-2.405987548828125000e+01
-2.425079345703125000e+01
-2.458074951171875000e+01
-2.486889648437500000e+01
-2.551989746093750000e+01
-2.614404296875000000e+01
-2.386505126953125000e+01
-2.405914306640625000e+01
-2.439337158203125000e+01
-2.468389892578125000e+01
-2.533691406250000000e+01
-2.596154785156250000e+01
-2.363287353515625000e+01
-2.383111572265625000e+01
-2.417102050781250000e+01
-2.446459960937500000e+01
-2.512042236328125000e+01
-2.574566650390625000e+01
-2.334051513671875000e+01
-2.354479980468750000e+01
-2.389294433593750000e+01
-2.419110107421875000e+01
-2.485095214843750000e+01
-2.547711181640625000e+01
-2.293493652343750000e+01
-2.314965820312500000e+01
-2.351245117187500000e+01
-2.381878662109375000e+01
-2.448596191406250000e+01
-2.511364746093750000e+01
-2.696514892578125000e+01
-2.708837890625000000e+01
-2.733483886718750000e+01
-2.758117675781250000e+01
-2.819677734375000000e+01
-2.881182861328125000e+01
-2.683489990234375000e+01
-2.695812988281250000e+01
-2.720465087890625000e+01
-2.745104980468750000e+01
-2.806677246093750000e+01
-2.868200683593750000e+01
-2.669073486328125000e+01
-2.681402587890625000e+01
-2.706060791015625000e+01
-2.730706787109375000e+01
-2.792291259765625000e+01
-2.853826904296875000e+01
-2.652453613281250000e+01
-2.664788818359375000e+01
-2.689453125000000000e+01
-2.714105224609375000e+01
-2.775701904296875000e+01
-2.837249755859375000e+01
-2.631762695312500000e+01
-2.644104003906250000e+01
-2.668768310546875000e+01
-2.693432617187500000e+01
-2.755047607421875000e+01
-2.816607666015625000e+01
-2.605749511718750000e+01
-2.618090820312500000e+01
-2.642767333984375000e+01
-2.667431640625000000e+01
-2.729071044921875000e+01
-2.790655517578125000e+01
-2.569213867187500000e+01
-2.581561279296875000e+01
-2.606250000000000000e+01
-2.630932617187500000e+01
-2.692596435546875000e+01
-2.754211425781250000e+01
-2.502984619140625000e+01
-2.515338134765625000e+01
-2.540045166015625000e+01
-2.564746093750000000e+01
-2.626452636718750000e+01
-2.688110351562500000e+01
-2.685382080078125000e+01
-2.697705078125000000e+01
-2.722357177734375000e+01
-2.746997070312500000e+01
-2.808569335937500000e+01
-2.870086669921875000e+01
-2.670715332031250000e+01
-2.683050537109375000e+01
-2.707708740234375000e+01
-2.732354736328125000e+01
-2.793939208984375000e+01
-2.855474853515625000e+01
-2.653723144531250000e+01
-2.666070556640625000e+01
-2.690747070312500000e+01
-2.715411376953125000e+01
-2.777014160156250000e+01
-2.838562011718750000e+01
-2.632037353515625000e+01
-2.644451904296875000e+01
-2.669195556640625000e+01
-2.693890380859375000e+01
-2.755529785156250000e+01
-2.817102050781250000e+01
-2.601818847656250000e+01
-2.614471435546875000e+01
-2.639477539062500000e+01
-2.664288330078125000e+01
-2.726037597656250000e+01
-2.787658691406250000e+01
-2.554956054687500000e+01
-2.568341064453125000e+01
-2.594177246093750000e+01
-2.619378662109375000e+01
-2.681451416015625000e+01
-2.743170166015625000e+01
-2.481707763671875000e+01
-2.496661376953125000e+01
-2.524365234375000000e+01
-2.550457763671875000e+01
-2.613275146484375000e+01
-2.675201416015625000e+01
-2.382611083984375000e+01
-2.400061035156250000e+01
-2.430902099609375000e+01
-2.458593750000000000e+01
-2.522760009765625000e+01
-2.585003662109375000e+01
-2.659588623046875000e+01
-2.672412109375000000e+01
-2.697601318359375000e+01
-2.722479248046875000e+01
-2.784246826171875000e+01
-2.845831298828125000e+01
-2.635986328125000000e+01
-2.649206542968750000e+01
-2.674841308593750000e+01
-2.699926757812500000e+01
-2.761865234375000000e+01
-2.823504638671875000e+01
-2.605895996093750000e+01
-2.619714355468750000e+01
-2.646044921875000000e+01
-2.671453857421875000e+01
-2.733666992187500000e+01
-2.795391845703125000e+01
-2.567901611328125000e+01
-2.582531738281250000e+01
-2.609826660156250000e+01
-2.635705566406250000e+01
-2.698303222656250000e+01
-2.760131835937500000e+01
-2.521777343750000000e+01
-2.537396240234375000e+01
-2.565893554687500000e+01
-2.592364501953125000e+01
-2.655462646484375000e+01
-2.717425537109375000e+01
-2.468090820312500000e+01
-2.484814453125000000e+01
-2.514715576171875000e+01
-2.541900634765625000e+01
-2.605609130859375000e+01
-2.667718505859375000e+01
-2.407257080078125000e+01
-2.425256347656250000e+01
-2.456799316406250000e+01
-2.484844970703125000e+01
-2.549291992187500000e+01
-2.611578369140625000e+01
-2.337072753906250000e+01
-2.356762695312500000e+01
-2.390576171875000000e+01
-2.419842529296875000e+01
-2.485357666015625000e+01
-2.547882080078125000e+01
-2.572357177734375000e+01
-2.588171386718750000e+01
-2.616906738281250000e+01
-2.643487548828125000e+01
-2.706646728515625000e+01
-2.768597412109375000e+01
-2.544616699218750000e+01
-2.560931396484375000e+01
-2.590301513671875000e+01
-2.617205810546875000e+01
-2.680645751953125000e+01
-2.742663574218750000e+01
-2.514923095703125000e+01
-2.531762695312500000e+01
-2.561798095703125000e+01
-2.589038085937500000e+01
-2.652770996093750000e+01
-2.714868164062500000e+01
-2.483148193359375000e+01
-2.500531005859375000e+01
-2.531262207031250000e+01
-2.558874511718750000e+01
-2.622924804687500000e+01
-2.685101318359375000e+01
-2.448931884765625000e+01
-2.466894531250000000e+01
-2.498394775390625000e+01
-2.526403808593750000e+01
-2.590802001953125000e+01
-2.653063964843750000e+01
-2.411383056640625000e+01
-2.430010986328125000e+01
-2.462384033203125000e+01
-2.490863037109375000e+01
-2.555670166015625000e+01
-2.618023681640625000e+01
-2.368518066406250000e+01
-2.387976074218750000e+01
-2.421466064453125000e+01
-2.450549316406250000e+01
-2.515887451171875000e+01
-2.578363037109375000e+01
-2.315417480468750000e+01
-2.336138916015625000e+01
-2.371374511718750000e+01
-2.401422119140625000e+01
-2.467614746093750000e+01
-2.530279541015625000e+01
-2.524853515625000000e+01
-2.541961669921875000e+01
-2.572344970703125000e+01
-2.599761962890625000e+01
-2.663635253906250000e+01
-2.725762939453125000e+01
-2.502258300781250000e+01
-2.519714355468750000e+01
-2.550543212890625000e+01
-2.578198242187500000e+01
-2.642272949218750000e+01
-2.704449462890625000e+01
-2.478344726562500000e+01
-2.496166992187500000e+01
-2.527471923828125000e+01
-2.555377197265625000e+01
-2.619677734375000000e+01
-2.681903076171875000e+01
-2.452740478515625000e+01
-2.470959472656250000e+01
-2.502783203125000000e+01
-2.530963134765625000e+01
-2.595501708984375000e+01
-2.657788085937500000e+01
-2.424816894531250000e+01
-2.443475341796875000e+01
-2.475891113281250000e+01
-2.504388427734375000e+01
-2.569207763671875000e+01
-2.631555175781250000e+01
-2.393438720703125000e+01
-2.412634277343750000e+01
-2.445764160156250000e+01
-2.474645996093750000e+01
-2.539807128906250000e+01
-2.602233886718750000e+01
-2.356408691406250000e+01
-2.376312255859375000e+01
-2.410406494140625000e+01
-2.439819335937500000e+01
-2.505444335937500000e+01
-2.567980957031250000e+01
-2.308544921875000000e+01
-2.329602050781250000e+01
-2.365289306640625000e+01
-2.395593261718750000e+01
-2.462005615234375000e+01
-2.524713134765625000e+01
-2.500756835937500000e+01
-2.518444824218750000e+01
-2.549578857421875000e+01
-2.577392578125000000e+01
-2.641607666015625000e+01
-2.703808593750000000e+01
-2.481329345703125000e+01
-2.499291992187500000e+01
-2.530786132812500000e+01
-2.558789062500000000e+01
-2.623168945312500000e+01
-2.685418701171875000e+01
-2.460601806640625000e+01
-2.478863525390625000e+01
-2.510754394531250000e+01
-2.538964843750000000e+01
-2.603527832031250000e+01
-2.665820312500000000e+01
-2.438146972656250000e+01
-2.456744384765625000e+01
-2.489074707031250000e+01
-2.517523193359375000e+01
-2.582293701171875000e+01
-2.644635009765625000e+01
-2.413287353515625000e+01
-2.432269287109375000e+01
-2.465112304687500000e+01
-2.493841552734375000e+01
-2.558856201171875000e+01
-2.621258544921875000e+01
-2.384838867187500000e+01
-2.404296875000000000e+01
-2.437792968750000000e+01
-2.466870117187500000e+01
-2.532196044921875000e+01
-2.594665527343750000e+01
-2.350555419921875000e+01
-2.370672607421875000e+01
-2.405065917968750000e+01
-2.434637451171875000e+01
-2.500402832031250000e+01
-2.562969970703125000e+01
-2.305187988281250000e+01
-2.326397705078125000e+01
-2.362316894531250000e+01
-2.392742919921875000e+01
-2.459265136718750000e+01
-2.521997070312500000e+01
-2.477532958984375000e+01
-2.495745849609375000e+01
-2.527563476562500000e+01
-2.555737304687500000e+01
-2.620263671875000000e+01
-2.682543945312500000e+01
-2.461254882812500000e+01
-2.479681396484375000e+01
-2.511791992187500000e+01
-2.540118408203125000e+01
-2.604779052734375000e+01
-2.667089843750000000e+01
-2.443615722656250000e+01
-2.462286376953125000e+01
-2.494714355468750000e+01
-2.523217773437500000e+01
-2.588031005859375000e+01
-2.650378417968750000e+01
-2.424163818359375000e+01
-2.443115234375000000e+01
-2.475915527343750000e+01
-2.504620361328125000e+01
-2.569616699218750000e+01
-2.632006835937500000e+01
-2.402197265625000000e+01
-2.421484375000000000e+01
-2.454742431640625000e+01
-2.483691406250000000e+01
-2.548901367187500000e+01
-2.611340332031250000e+01
-2.376519775390625000e+01
-2.396234130859375000e+01
-2.430078125000000000e+01
-2.459350585937500000e+01
-2.524841308593750000e+01
-2.587347412109375000e+01
-2.344848632812500000e+01
-2.365179443359375000e+01
-2.399853515625000000e+01
-2.429589843750000000e+01
-2.495495605468750000e+01
-2.558087158203125000e+01
-2.301879882812500000e+01
-2.323248291015625000e+01
-2.359387207031250000e+01
-2.389935302734375000e+01
-2.456573486328125000e+01
-2.519323730468750000e+01
-2.466430664062500000e+01
-2.484887695312500000e+01
-2.517022705078125000e+01
-2.545367431640625000e+01
-2.610040283203125000e+01
-2.672351074218750000e+01
-2.451647949218750000e+01
-2.470294189453125000e+01
-2.502685546875000000e+01
-2.531170654296875000e+01
-2.595965576171875000e+01
-2.658306884765625000e+01
-2.435461425781250000e+01
-2.454327392578125000e+01
-2.487017822265625000e+01
-2.515655517578125000e+01
-2.580590820312500000e+01
-2.642962646484375000e+01
-2.417425537109375000e+01
-2.436547851562500000e+01
-2.469580078125000000e+01
-2.498406982421875000e+01
-2.563507080078125000e+01
-2.625921630859375000e+01
-2.396832275390625000e+01
-2.416265869140625000e+01
-2.449725341796875000e+01
-2.478784179687500000e+01
-2.544085693359375000e+01
-2.606549072265625000e+01
-2.372473144531250000e+01
-2.392315673828125000e+01
-2.426324462890625000e+01
-2.455688476562500000e+01
-2.521264648437500000e+01
-2.583789062500000000e+01
-2.342053222656250000e+01
-2.362481689453125000e+01
-2.397302246093750000e+01
-2.427117919921875000e+01
-2.493084716796875000e+01
-2.555694580078125000e+01
-2.300250244140625000e+01
-2.321697998046875000e+01
-2.357940673828125000e+01
-2.388555908203125000e+01
-2.455242919921875000e+01
-2.518005371093750000e+01
-2.459967041015625000e+01
-2.478558349609375000e+01
-2.510876464843750000e+01
-2.539324951171875000e+01
-2.604077148437500000e+01
-2.666412353515625000e+01
-2.446038818359375000e+01
-2.464813232421875000e+01
-2.497369384765625000e+01
-2.525946044921875000e+01
-2.590814208984375000e+01
-2.653173828125000000e+01
-2.430694580078125000e+01
-2.449670410156250000e+01
-2.482507324218750000e+01
-2.511230468750000000e+01
-2.576232910156250000e+01
-2.638623046875000000e+01
-2.413476562500000000e+01
-2.432696533203125000e+01
-2.465863037109375000e+01
-2.494763183593750000e+01
-2.559924316406250000e+01
-2.622351074218750000e+01
-2.393670654296875000e+01
-2.413195800781250000e+01
-2.446765136718750000e+01
-2.475891113281250000e+01
-2.541253662109375000e+01
-2.603723144531250000e+01
-2.370074462890625000e+01
-2.389996337890625000e+01
-2.424108886718750000e+01
-2.453527832031250000e+01
-2.519152832031250000e+01
-2.581683349609375000e+01
-2.340393066406250000e+01
-2.360882568359375000e+01
-2.395788574218750000e+01
-2.425646972656250000e+01
-2.491662597656250000e+01
-2.554278564453125000e+01
-2.299273681640625000e+01
-2.320770263671875000e+01
-2.357080078125000000e+01
-2.387725830078125000e+01
-2.454449462890625000e+01
-2.517218017578125000e+01
