# Flattened chi^2 for model space generated from FSPS with dimmetions `['logzsol', 'tau', 'sf_star', 'tburst', 'fburst']` and shape (6, 9, 8, 6)
1.325051390827421073e+03
1.059493791454728580e+03
6.220598336698739104e+02
3.090083286567063965e+02
6.651391263145312394e+01
5.882164240504994268e+02
1.440379370689757252e+03
1.162530263241927514e+03
7.006303849648783171e+02
3.632675610617154121e+02
6.065843298727756405e+01
5.231697361234243999e+02
1.567383079194996753e+03
1.276564065076919405e+03
7.888352773052076827e+02
4.257902947124730986e+02
5.960864654008483399e+01
4.594336183415969685e+02
1.745452774130527814e+03
1.437325500058955868e+03
9.151159444112086021e+02
5.177699939332184158e+02
6.661353889791894289e+01
3.825569368688559280e+02
1.985420589779918146e+03
1.655284009673735000e+03
1.089203612044254669e+03
6.481833720820642384e+02
8.869601083517302698e+01
2.975172503774074357e+02
2.284435460347594017e+03
1.928588036145729575e+03
1.311232465134160975e+03
8.191318914910776812e+02
1.327934960923429060e+02
2.159717602462080208e+02
2.656409580030913276e+03
2.270886976729000253e+03
1.594317293731039854e+03
1.043185246317111478e+03
2.100731862227532645e+02
1.476373055123042661e+02
3.143737466806043358e+03
2.722318068624365424e+03
1.974063887815422277e+03
1.351395283759615722e+03
3.401054785554282489e+02
1.004696750966156316e+02
1.425631724731593295e+03
1.149332951041393244e+03
6.905176860469102849e+02
3.562182941698940226e+02
6.117696775154407618e+01
5.311307281909347466e+02
1.555122565094274478e+03
1.265538589769839973e+03
7.802671161760416680e+02
4.196624119904000736e+02
5.950733256790210390e+01
4.652559552765994226e+02
1.726870085720083352e+03
1.420504881299729050e+03
9.018038299231536712e+02
5.079438255893048790e+02
6.540065036042400948e+01
3.898140121456510769e+02
1.961016505079304807e+03
1.633045106963482340e+03
1.071291532161934356e+03
6.345816354705062849e+02
8.576762875497622929e+01
3.051070688527341304e+02
2.257159024263634819e+03
1.903539466693545364e+03
1.290715540310139431e+03
8.031765419383099243e+02
1.281856725094950207e+02
2.225606508197369351e+02
2.647849402347287651e+03
2.262564025510278952e+03
1.587023002176347973e+03
1.037240092068999274e+03
2.077947040431334358e+02
1.490027563619110254e+02
3.184278685091178886e+03
2.757588390594105476e+03
2.001967607735368347e+03
1.373846388301426714e+03
3.511110716714570685e+02
1.006386937981965275e+02
4.042727180420713921e+03
3.548764371193599800e+03
2.672043248218340977e+03
1.931078498439559098e+03
6.363432595381495958e+02
1.176101587533041055e+02
1.646497698540417787e+03
1.346503213988081370e+03
8.424542617053042477e+02
4.643061367780026103e+02
6.181847980149019861e+01
4.259169118509256577e+02
1.869680482971015408e+03
1.546667499254556787e+03
9.993793772718565833e+02
5.797508715102920860e+02
7.608534266004333801e+01
3.405617202765245111e+02
2.190596665487355949e+03
1.834830464677676900e+03
1.228218723092183154e+03
7.530641419541893811e+02
1.154650029356042609e+02
2.482918028880310715e+02
2.661008283805785140e+03
2.257049225535188270e+03
1.567476133821666053e+03
1.017529914976640384e+03
2.028393674325673146e+02
1.622350752012102930e+02
3.361146441741871968e+03
2.884016438731190647e+03
2.076218668196702311e+03
1.425139819512221948e+03
3.777495075676287684e+02
1.107712883210799362e+02
4.428934957352726997e+03
3.837418724961209591e+03
2.856560411910754283e+03
2.066434343002536934e+03
7.111551633032995596e+02
1.475865798086147436e+02
6.039648376752702461e+03
5.271893268261970661e+03
4.039995592530026443e+03
3.061297825210031078e+03
1.307512601998506852e+03
3.648088004468022518e+02
8.385403880580362966e+03
7.358707168604583785e+03
5.775505479698517775e+03
4.549461833603590094e+03
2.298840823465469839e+03
8.896089909106880214e+02
3.825932102018708065e+03
3.234821054175861718e+03
2.303516745319854181e+03
1.591555681358650418e+03
4.619156269450675154e+02
1.296485651741295726e+02
4.675250905612252609e+03
3.982157353379422148e+03
2.905143529049484187e+03
2.083359245241053941e+03
7.212781156476602291e+02
1.681200539112107322e+02
5.715826843213870234e+03
4.900591505266964305e+03
3.652667823655725897e+03
2.705553134530216994e+03
1.083766281165404507e+03
2.850913852949378224e+02
6.957490733267329233e+03
5.999651800165997884e+03
4.555983120458844496e+03
3.469205246411027474e+03
1.564342706891389753e+03
4.994276904974319109e+02
8.406644748987102503e+03
7.285764842467415292e+03
5.622157920240955718e+03
4.382636744409101084e+03
2.175128880376479174e+03
8.269106421972186354e+02
1.007395923109843716e+04
8.769239814679556730e+03
6.861415386256769125e+03
5.456666006142881997e+03
2.929106798045060259e+03
1.282434891827534784e+03
1.197734710904999702e+04
1.046668219022871926e+04
8.289049608979876211e+03
6.706437058983101451e+03
3.842172370929689350e+03
1.882320304958679799e+03
1.416568538516713124e+04
1.242231797971636297e+04
9.943743939084355588e+03
8.167963455658038583e+03
4.946622714942173843e+03
2.654886602449594648e+03
6.913833231132603032e+03
5.920909082483683051e+03
4.451601357552525769e+03
3.366408740762991783e+03
1.496206596422556004e+03
4.729518921427797977e+02
7.891674575813596675e+03
6.787932167239230694e+03
5.168120697039346851e+03
3.977641218613925048e+03
1.897817475158200068e+03
6.781760596901985991e+02
8.968131991496818955e+03
7.744944364483341815e+03
5.964350541190719014e+03
4.663095327981367518e+03
2.365566100143554650e+03
9.423546427193384716e+02
1.014636355630352591e+04
8.794861748147730395e+03
6.843087727532892131e+03
5.425757704116024797e+03
2.903201448186293419e+03
1.269909756249777047e+03
1.143624752836713014e+04
9.946540652675354067e+03
7.812054393731036726e+03
6.272893957147317451e+03
3.517549415983996369e+03
1.667188766225124937e+03
1.285856580373407814e+04
1.121864024147269265e+04
8.887354652865202297e+03
7.219273462865317924e+03
4.221344722566585915e+03
2.144903266668289689e+03
1.444838160959461311e+04
1.264257161464484125e+04
1.009598706048350323e+04
8.289554528443295567e+03
5.035628843139364108e+03
2.720533524962877891e+03
1.627173187550772127e+04
1.427755571664487434e+04
1.148888590710551034e+04
9.530205987167591957e+03
5.999849292323448935e+03
3.426631818966543960e+03
9.001708284762004041e+03
7.752313420368999687e+03
5.947785312667178005e+03
4.640443963332839303e+03
2.348275456624227445e+03
9.351488171563631795e+02
9.891363775275680382e+03
8.545418994247778755e+03
6.611441159028787297e+03
5.215816590402447218e+03
2.751771302710468262e+03
1.178018944015166653e+03
1.084975743329538091e+04
9.401403680538185654e+03
7.330976665149009023e+03
5.843367737260859030e+03
3.201983439351710331e+03
1.462594181886329579e+03
1.188540659294643956e+04
1.032784927042229901e+04
8.112898246523747730e+03
6.529091481134122660e+03
3.704228922108668939e+03
1.793532644695406134e+03
1.301365131412638220e+04
1.133844567823483158e+04
8.968916719081420524e+03
7.283648074650242961e+03
4.267556849817641705e+03
2.178334586638349720e+03
1.425989448022316174e+04
1.245596074788845362e+04
9.918583247370299432e+03
8.124818573092858060e+03
4.906910841738479576e+03
2.629205779099455867e+03
1.566364390999192074e+04
1.371580194984518675e+04
1.099231901301625658e+04
9.080314211338631139e+03
5.645723672778312903e+03
3.165433946609314717e+03
1.729355039499933628e+04
1.517956276680984047e+04
1.224313211122476605e+04
1.019849953699600701e+04
6.525056234489224153e+03
3.820952920497289597e+03
1.120706667715119693e+04
9.698348642344350083e+03
7.558057009012145500e+03
6.033429641180108774e+03
3.338095567679729811e+03
1.553330756165664752e+03
1.194453374232287570e+04
1.035908983034720222e+04
8.116817722213809247e+03
6.524037955938952109e+03
3.698304522088660178e+03
1.791581448711524899e+03
1.273955847759239441e+04
1.107215161720575452e+04
8.721478764384612077e+03
7.056937910728191127e+03
4.094971261654088266e+03
2.060810333094425005e+03
1.360371338908166217e+04
1.184787837657480668e+04
9.380904113818041878e+03
7.640193331940464304e+03
4.534912168447611293e+03
2.366650518259617002e+03
1.455473532622171842e+04
1.270215500053938558e+04
1.010872326549894751e+04
8.286189060900509503e+03
5.028525564256577127e+03
2.717608153000849143e+03
1.561954761525610411e+04
1.365915051441653122e+04
1.092573235489161380e+04
9.013850301244297953e+03
5.591721759795854268e+03
3.126700368041467755e+03
1.683894616760874487e+04
1.475547560470762801e+04
1.186344171372874916e+04
9.851901577762155284e+03
6.248812032028234171e+03
3.613974761693476466e+03
1.828149326933022894e+04
1.605268343367321722e+04
1.297487744755417407e+04
1.084876134145061951e+04
7.040987925297176844e+03
4.213573487583526003e+03
1.229115610294697944e+04
1.065870871364469895e+04
8.359080148475493843e+03
6.732931957457314638e+03
3.852053232397450756e+03
1.896204077825901550e+03
1.294547165832746214e+04
1.124620015637039614e+04
8.858078525779672418e+03
7.173330387942574816e+03
4.181169034080603524e+03
2.121103846718193381e+03
1.365567770831294547e+04
1.188432418093486012e+04
9.401182445083097264e+03
7.654059745667648713e+03
4.544297219823800333e+03
2.374058611365999695e+03
1.443395303089134723e+04
1.258399110810103230e+04
9.997760689265460314e+03
8.183640147147416428e+03
4.948608760111522315e+03
2.660959464399041281e+03
1.529837128773137920e+04
1.336141185969818798e+04
1.066174741188866756e+04
8.774741336682876863e+03
5.404740293538199694e+03
2.990506013709018589e+03
1.627589911759756615e+04
1.424081072184476943e+04
1.141400597892750739e+04
9.446360367997162029e+03
5.928679703095203877e+03
3.375797664549360888e+03
1.740731200531085778e+04
1.525879800919095578e+04
1.228606634823413333e+04
1.022724907919551515e+04
6.544773802296936083e+03
3.836923192147455211e+03
1.876062085505994037e+04
1.647644359939737842e+04
1.333055290787472404e+04
1.116547050558243427e+04
7.293936268057113011e+03
4.407818628267070380e+03
1.292465690029522011e+04
1.122090351791482135e+04
8.829684278639515469e+03
7.145629873832263911e+03
4.159692430756207614e+03
2.106897049931033507e+03
1.353006296833386841e+04
1.176509288089293113e+04
9.292979845640407802e+03
7.555644785082954513e+03
4.468962344372729603e+03
2.321725288023954363e+03
1.419084708507552205e+04
1.235937219166453906e+04
9.799761139548481879e+03
8.005275696456693368e+03
4.811273023421832477e+03
2.563387125695996474e+03
1.491937298149044909e+04
1.301482887762470637e+04
1.035955878399394715e+04
8.503189596370417348e+03
5.193907358671399379e+03
2.837851372184116826e+03
1.573376532364701234e+04
1.374773107675727624e+04
1.098636701252513740e+04
9.062114539581840290e+03
5.627549961876345151e+03
3.153854129513522821e+03
1.666090231292057069e+04
1.458223046012314626e+04
1.170099484791836039e+04
9.701001848833471740e+03
6.128155229293945922e+03
3.524471576687801189e+03
1.774143852531898665e+04
1.555483680266042575e+04
1.253489331492583733e+04
1.044853436474500086e+04
6.720012824826200813e+03
3.969744718257428303e+03
1.904297931612921093e+04
1.672626026166588053e+04
1.354038112441675912e+04
1.135249903690477004e+04
7.443807628335458503e+03
4.523423603084884235e+03
6.212177485855397663e+02
4.454607929650235292e+02
1.864890436371117346e+02
5.039468437359263220e+01
2.438170978545585399e+02
1.192399474077699324e+03
7.291782387065653666e+02
5.371592520324577436e+02
2.458474061879491899e+02
7.765536753594847141e+01
1.918724552550531826e+02
1.062692138959843533e+03
8.440082373721237445e+02
6.359589072968575465e+02
3.127589072643807526e+02
1.129064379776643108e+02
1.489513031416727245e+02
9.429625769503388710e+02
9.893369766499411071e+02
7.624738880958350364e+02
4.018333014959619049e+02
1.647872064314309455e+02
1.089117722829004009e+02
8.124884519815238946e+02
1.188778973573968415e+03
9.381546279012634386e+02
5.302016523739613376e+02
2.461214960395158755e+02
7.386125010234070487e+01
6.627351454603425509e+02
1.436148434522439402e+03
1.158608969103128175e+03
6.970406836699893347e+02
3.596304177134247198e+02
5.527846837916782619e+01
5.137957364202427470e+02
1.748364941953695507e+03
1.440010876288260761e+03
9.170367801100882161e+02
5.185173094719398250e+02
6.268331730394174173e+01
3.715457513503864675e+02
2.143920446178417933e+03
1.800163516914974707e+03
1.206567213260250810e+03
7.376711660699521644e+02
1.069750154159644779e+02
2.425246787867470175e+02
7.123604951305650275e+02
5.227973518789985974e+02
2.363685047154946801e+02
7.302160381332669203e+01
1.991894406800528543e+02
1.081735333146738185e+03
8.304895852825763995e+02
6.242717316293528711e+02
3.047127524750890757e+02
1.084721342826501171e+02
1.534206785755519888e+02
9.561603125430433465e+02
9.736472491959378885e+02
7.487448224414787319e+02
3.920047540570016054e+02
1.588301849459151640e+02
1.125026402270868147e+02
8.254441860443487258e+02
1.167090086323838932e+03
9.189448866509609388e+02
5.159421048113113102e+02
2.367884926795506999e+02
7.670985322913912796e+01
6.775657926981496075e+02
1.412970734323067745e+03
1.137802064003039732e+03
6.810567164614736839e+02
3.484970889175962157e+02
5.618760270014058023e+01
5.265545130489782650e+02
1.737432046588152161e+03
1.429655615149227515e+03
9.084470807640084331e+02
5.120320196300258431e+02
6.170651741194046025e+01
3.759591835158075241e+02
2.183464906148612044e+03
1.833761979403623400e+03
1.231851253841741482e+03
7.567608568598329839e+02
1.128889000544162258e+02
2.358229276252962165e+02
2.911816639150599713e+03
2.493342112912284847e+03
1.769272081316225012e+03
1.181391635316260135e+03
2.669077377409356586e+02
1.235450413586920035e+02
8.987371856818978131e+02
6.821211371864300190e+02
3.439690325222658771e+02
1.304372383107085511e+02
1.337270402232497020e+02
8.955543317594080008e+02
1.091021712724343161e+03
8.485185017485530352e+02
4.617340645605315217e+02
2.015426462169585022e+02
9.112502659105771841e+01
7.412889105660594851e+02
1.364058742928283891e+03
1.086173089796580143e+03
6.355978168192668818e+02
3.158566201952091319e+02
6.203247980603731548e+01
5.715658494242505867e+02
1.773927656300040780e+03
1.444106645822239670e+03
9.049948095925685720e+02
5.059408375564181028e+02
6.487248842308966346e+01
3.914283405823904900e+02
2.402283137526588234e+03
1.993093595214914330e+03
1.327741282061289439e+03
8.219814566060173320e+02
1.367821228075160889e+02
2.263779257917838379e+02
3.390794337914689095e+03
2.856169012198762630e+03
2.004826461236710657e+03
1.352319872399317319e+03
3.453505619236884172e+02
1.258114250169377755e+02
4.923240903914575028e+03
4.193798681746166039e+03
3.070800727199652101e+03
2.218843105761303377e+03
7.963814424851860849e+02
1.828270593119598288e+02
7.200777664010222907e+03
6.185245404052488084e+03
4.681269004048774150e+03
3.567461356990534114e+03
1.628252172450050466e+03
5.311438773832397828e+02
2.911943934592522965e+03
2.370875740050997592e+03
1.562844375912798569e+03
9.857826929788983534e+02
1.993741522761533247e+02
2.050409967154110689e+02
3.729877255457826777e+03
3.074187068141636701e+03
2.105499469807918103e+03
1.409799057502609912e+03
3.755349459779558856e+02
1.464772037968805591e+02
4.735514110529001300e+03
3.943547229127862465e+03
2.787934126789000402e+03
1.958355208855724868e+03
6.512193695690434652e+02
1.652928351668480786e+02
5.939494803646662149e+03
4.989575039580412522e+03
3.621240041025784649e+03
2.643637902996818411e+03
1.042140028474792189e+03
2.806483326600590544e+02
7.343945394831143858e+03
6.215278738562820763e+03
4.609976480830555374e+03
3.471952892899624658e+03
1.559175685669659970e+03
5.076736809807683244e+02
8.955106267501023467e+03
7.627325310945224373e+03
5.761492104597195066e+03
4.451584494293442731e+03
2.213135758604983948e+03
8.592549878764441473e+02
1.078577947023548768e+04
9.237987967947967263e+03
7.087510874402387344e+03
5.594444752914492710e+03
3.017027766107863954e+03
1.348946629644798350e+03
1.287824341370308684e+04
1.108557259143470765e+04
8.621455652869193727e+03
6.931605978426040565e+03
3.998599143981119596e+03
2.000669121688219775e+03
5.942800345822517556e+03
4.950328042114706477e+03
3.548641443018290829e+03
2.569042849144676893e+03
9.970260711261760207e+02
2.723001993989709035e+02
6.894598199863385162e+03
5.780293111874993883e+03
4.215796876641210474e+03
3.125036536418711421e+03
1.336142196155829197e+03
4.092173658706687434e+02
7.936437444824949125e+03
6.692246160131203396e+03
4.955566559478116687e+03
3.749080760712510710e+03
1.737604409794358389e+03
6.035436123404626869e+02
9.071681858501260649e+03
7.689352248318425154e+03
5.770940799342159153e+03
4.444228166902331395e+03
2.204822331255159042e+03
8.589113909380698715e+02
1.030781398293659913e+04
8.778287044647599032e+03
6.667687699724365302e+03
5.215905973863265899e+03
2.742934728071992140e+03
1.180066642525866882e+03
1.166329693642795428e+04
9.975506219678667549e+03
7.659800347404167042e+03
6.076811087297732229e+03
3.362634758924875769e+03
1.575647465549162007e+03
1.316960336005400313e+04
1.130898754208390528e+04
8.770995526543394590e+03
7.048422564959761075e+03
4.081986570432001372e+03
2.060275226499403743e+03
1.488637665656226818e+04
1.283180612627509981e+04
1.004632431094164167e+04
8.171543564382654949e+03
4.935282443230556964e+03
2.661731393863116409e+03
7.992470896835834537e+03
6.717721282644713938e+03
4.952477276753730621e+03
3.737799450393775714e+03
1.728961281973335645e+03
6.025353600495953970e+02
8.851136150376609294e+03
7.472413452680629234e+03
5.569593170415710119e+03
4.263297322490339866e+03
2.079923205081480774e+03
7.911043443477406072e+02
9.770333799060563251e+03
8.282377914967853940e+03
6.235814141426433707e+03
4.834913459320486254e+03
2.473201352759494057e+03
1.018490636332580266e+03
1.075874578862001727e+04
9.155305265489052545e+03
6.957636291836299279e+03
5.458523532034189884e+03
2.913737461444299242e+03
1.288703323879295795e+03
1.182982406717976119e+04
1.010307776308728899e+04
7.745050956089298779e+03
6.143131749727273018e+03
3.409053319834162721e+03
1.607809437269537284e+03
1.300677445107036147e+04
1.114631025418656827e+04
8.615491053160989395e+03
6.904438580873801584e+03
3.972115354898440728e+03
1.986099546655486392e+03
1.432537797784948089e+04
1.231679682507932921e+04
9.595885359840340243e+03
7.766777751343281125e+03
4.623270841592752731e+03
2.440002056515385902e+03
1.584745681823121959e+04
1.366953734003847421e+04
1.073291652857609915e+04
8.772436024831386021e+03
5.398131429613471482e+03
2.998521324597233161e+03
1.013470655244240515e+04
8.580453569466091722e+03
6.457584799260249383e+03
5.016998596676178749e+03
2.598866806001632540e+03
1.096779713906841380e+03
1.083762947773027918e+04
9.202527617867668596e+03
6.973315884311862646e+03
5.463275482408856988e+03
2.915194266810088720e+03
1.291973907255296126e+03
1.159130941373674250e+04
9.870464797058361000e+03
7.528974288177398194e+03
5.946305833994948443e+03
3.263472718997516495e+03
1.514569140700151820e+03
1.240702154132862779e+04
1.059427333671943961e+04
8.133018568640120975e+03
6.473701861054562869e+03
3.649982899684203858e+03
1.769565718889971549e+03
1.330067068878628015e+04
1.138806206438835943e+04
8.797369649320240569e+03
7.056204860996016578e+03
4.083642571784885604e+03
2.064126132222092110e+03
1.429679994339752375e+04
1.227366995828439030e+04
9.540548344194492529e+03
7.710529577770728793e+03
4.578337707607319317e+03
2.409392588739888197e+03
1.543220673015529610e+04
1.328382880577772812e+04
1.039032560516465674e+04
8.461801387580560913e+03
5.155149139691723576e+03
2.822492062320363857e+03
1.676822855886186517e+04
1.447311212482704832e+04
1.139304004098344558e+04
9.352026953320266330e+03
5.849566884671122352e+03
3.332478103366091091e+03
1.117712228097108346e+04
9.491631331049753499e+03
7.201430196954092025e+03
5.656736370426250687e+03
3.053007991752254839e+03
1.380409074494619972e+03
1.179661430178921182e+04
1.004142645592287590e+04
7.659781177195029159e+03
6.055887884939139440e+03
3.342253123479338683e+03
1.567000943302841733e+03
1.246581180025346112e+04
1.063589928606722606e+04
8.156620953027307223e+03
6.490084452455978862e+03
3.661047923959418313e+03
1.777928230693500609e+03
1.319635478375169987e+04
1.128540080189829314e+04
8.700720004661026906e+03
6.967229036020324202e+03
4.015926117327341217e+03
2.018411953428098968e+03
1.400446576715066658e+04
1.200434601759744510e+04
9.304285341389731911e+03
7.498332612032837460e+03
4.416042896389654743e+03
2.295821705751010541e+03
1.491463199980989521e+04
1.281453736894961548e+04
9.985825954780211759e+03
8.100114677362251314e+03
4.875323210551413467e+03
2.621374139045758056e+03
1.596351386634852679e+04
1.374859439559631028e+04
1.077302953221798089e+04
8.797634359426108858e+03
5.414815439905116364e+03
3.012197506476128183e+03
1.721174821631225132e+04
1.486046121061504709e+04
1.171169509533641940e+04
9.632413247335109190e+03
6.069628207987952010e+03
3.497066724005480410e+03
1.178280780607065572e+04
1.002229247896826928e+04
7.636595375437398616e+03
6.032938790817496738e+03
3.324919316616711512e+03
1.556388735423422077e+03
1.235370223710788559e+04
1.052970799678949334e+04
8.060851349907360600e+03
6.403638703233946217e+03
3.596635302660450634e+03
1.735522171711297688e+03
1.297408891473663971e+04
1.108150559042537861e+04
8.523155329885365063e+03
6.808800623790170903e+03
3.896968847485396964e+03
1.937727564774955454e+03
1.365566623518663255e+04
1.168809640115705224e+04
9.032338123643252402e+03
7.256385776384412566e+03
4.232507368211024186e+03
2.168275269470081639e+03
1.441469655890048125e+04
1.236394112992117334e+04
9.600656288280340959e+03
7.757454465094118859e+03
4.612450308220397346e+03
2.434573849444186635e+03
1.527552667698006917e+04
1.313072149077685572e+04
1.024652230835859154e+04
8.328644002169809028e+03
5.050666064142964387e+03
2.747807665488917337e+03
1.627463750547376912e+04
1.402089930361049483e+04
1.099749210494456020e+04
8.994895518714391073e+03
5.568108316015619494e+03
3.125033193182073774e+03
1.747218636029295885e+04
1.508798623960211080e+04
1.189898888756116685e+04
9.797387915645351313e+03
6.199601774636657865e+03
3.594798752586933915e+03
2.831483045934199936e+02
1.704617676963130180e+02
3.679505187429150936e+01
2.490369522960720872e+01
5.241130739938231500e+02
1.771932788731104210e+03
3.670252120513882232e+02
2.362415403296462841e+02
6.660417663404182065e+01
1.903664167858055833e+01
4.303146442689361493e+02
1.591946945334916791e+03
4.616247405524017040e+02
3.127475807327305688e+02
1.071381086590726142e+02
2.388168679694578245e+01
3.471512235057184057e+02
1.422460324188092727e+03
5.801985390073884901e+02
4.110741431929901069e+02
1.651963861910682567e+02
4.197056632385760366e+01
2.665997819799810031e+02
1.245054038171974980e+03
7.424987267809398190e+02
5.486935889443271890e+02
2.537062604004159141e+02
8.170332390727865857e+01
1.858202357396458240e+02
1.045757491046103951e+03
9.505073572936538540e+02
7.286725247149031475e+02
3.778908400974164579e+02
1.504441667101921780e+02
1.174621627392322694e+02
8.424137973984077234e+02
1.213051713112329253e+03
9.599367576276472391e+02
5.468706275179692966e+02
2.575051083577776012e+02
7.130774635716116450e+01
6.452673428670241265e+02
1.550751609732323232e+03
1.261914362561312828e+03
7.776522578936544505e+02
4.174213152885448608e+02
5.550073107954522555e+01
4.557798326978382306e+02
3.533232700494938854e+02
2.253504689770685729e+02
6.129937748429448874e+01
1.927160659959002587e+01
4.442005126502916710e+02
1.619209106559816519e+03
4.493468809713543237e+02
3.027127366734053453e+02
1.015610181876250238e+02
2.272495718005879084e+01
3.568849096820442810e+02
1.442861818670154662e+03
5.665307839339136535e+02
3.996298382766895543e+02
1.581739591846989867e+02
3.933447337145863543e+01
2.747724955270339251e+02
1.263816115261006871e+03
7.246564786383082719e+02
5.334273451421152004e+02
2.435808916835981961e+02
7.669096081098247453e+01
1.934368596081170608e+02
1.065778835339834586e+03
9.293697144687328091e+02
7.101923750785589391e+02
3.648041244962163319e+02
1.427716713075059545e+02
1.232077306874161593e+02
8.613411038154106336e+02
1.204496706766076841e+03
9.519078212796321168e+02
5.405263582475854491e+02
2.531900338333203990e+02
7.230022512930463563e+01
6.514359158509946610e+02
1.586488136602891700e+03
1.291531045937139879e+03
7.987706704743109185e+02
4.322249542325187690e+02
5.680675898964844350e+01
4.440922060806747709e+02
2.234803815609176127e+03
1.869284473580499025e+03
1.251811376886797234e+03
7.704841316517768064e+02
1.201439248076964503e+02
2.373267610030038668e+02
5.022009283667196655e+02
3.450567615482494261e+02
1.250729025579678506e+02
2.866862855671321952e+01
3.203997045225235638e+02
1.364726528600840311e+03
6.625618607554291657e+02
4.776686430978903672e+02
2.054337752410681333e+02
5.880636752471794182e+01
2.280827730717967654e+02
1.152302799438959255e+03
8.953578749844641607e+02
6.732561149136425911e+02
3.338819977515126993e+02
1.244924233995752303e+02
1.425065549782015921e+02
9.185351440867640349e+02
1.255968785007859196e+03
9.795106731065624217e+02
5.476626462228991841e+02
2.554523319994369217e+02
7.783175789505941111e+01
6.628195761133580390e+02
1.830660030561261010e+03
1.470570948525396489e+03
9.063848619215552844e+02
5.026113850770667000e+02
6.981362448783073660e+01
4.072487576890763989e+02
2.767458705011906204e+03
2.274053916712881346e+03
1.513682436218744670e+03
9.559870790032221066e+02
1.863417438939515876e+02
2.003300298665830042e+02
4.262085769108127352e+03
3.560528707260053579e+03
2.512162538171799952e+03
1.744604782139184863e+03
5.393924888264816673e+02
1.405524372044552308e+02
6.526940305590112985e+03
5.520530253552286013e+03
4.068453736833521816e+03
3.025371086338291207e+03
1.278696929182895474e+03
3.731733744295248130e+02
2.371892793373542645e+03
1.868316612655069093e+03
1.147881472929739175e+03
6.637907832628335427e+02
1.098589081900014008e+02
3.430801733860017748e+02
3.170059588111236735e+03
2.542946818360914676e+03
1.650655132146388723e+03
1.040593334215021059e+03
2.245340716214285237e+02
2.097504832357421094e+02
4.159485295043977203e+03
3.386217309167279382e+03
2.294947477652240195e+03
1.543619952196089116e+03
4.412489376183443142e+02
1.572781384553243242e+02
5.350345399665164223e+03
4.408722180748646679e+03
3.092213142805494954e+03
2.185569600909753717e+03
7.763470637255942393e+02
2.054667449377138837e+02
6.742995928991873370e+03
5.612373638352412854e+03
4.046589785166845104e+03
2.972629229532823501e+03
1.240906358259403078e+03
3.697964611892054450e+02
8.340052190011341736e+03
7.000991828791478838e+03
5.163420169133075433e+03
3.911494910606321810e+03
1.844663920624797811e+03
6.623943489710641188e+02
1.015087447268975120e+04
8.584102402571033963e+03
6.452423297420455128e+03
5.012416045661354474e+03
2.599284769732239511e+03
1.095568092504144261e+03
1.221286971993234692e+04
1.039587317702697692e+04
7.943709711193147086e+03
6.303572098719099813e+03
3.530091432429232555e+03
1.691002746252785983e+03
5.385865754337150065e+03
4.397039837248518779e+03
3.042168159533058315e+03
2.130887342597548468e+03
7.464564555522930505e+02
2.076557545247269445e+02
6.330369559831816332e+03
5.212609971333180511e+03
3.686229646024569320e+03
2.658817387663602858e+03
1.049371556631571138e+03
3.010105658390567100e+02
7.362179152939964297e+03
6.108064410010505526e+03
4.401611844745369126e+03
3.254143991167416061e+03
1.415386045211911551e+03
4.537655432921758347e+02
8.484207502999806820e+03
7.086218818166126766e+03
5.191026886954794463e+03
3.919628451368771039e+03
1.847469148669367314e+03
6.689132532182743489e+02
9.703038935579030294e+03
8.152995958575956138e+03
6.059628090822774539e+03
4.660125903605832718e+03
2.350157442272232856e+03
9.505028969184929792e+02
1.103546573925312441e+04
9.323360269333366887e+03
7.020116676184985408e+03
5.487141170081217751e+03
2.933052744792369140e+03
1.306104226394762463e+03
1.251114053340071769e+04
1.062366612037138111e+04
8.094798140994353162e+03
6.420848115657596281e+03
3.613015563458968245e+03
1.749128593793972868e+03
1.418596278634705595e+04
1.210362028783028836e+04
9.325792921224845486e+03
7.499380544658075451e+03
4.422050812843162930e+03
2.305274237663588792e+03
7.433677145791833027e+03
6.146444471581491598e+03
4.408564077969472237e+03
3.251431944701798784e+03
1.412924220971050090e+03
4.566077599847345709e+02
8.282535140235662766e+03
6.887029669784753423e+03
5.006233314512604011e+03
3.754609870795764891e+03
1.737271705159312205e+03
6.145846425793928347e+02
9.188471967571722416e+03
7.680008712551982171e+03
5.650843775567860575e+03
4.302241932091916169e+03
2.103243723562193736e+03
8.114929121997874972e+02
1.016003605399941080e+04
8.532949383938228493e+03
6.348755383850748331e+03
4.900034810294304407e+03
2.515497277357808343e+03
1.050914669610217516e+03
1.121005441023102139e+04
9.457174664559555822e+03
7.109460389888608915e+03
5.556514120029112746e+03
2.981064437649482443e+03
1.338374947843678001e+03
1.236038536480876974e+04
1.047207178680656580e+04
7.949297727452226354e+03
6.286362891000850141e+03
3.511997634578550787e+03
1.683292596445022127e+03
1.364505368686078873e+04
1.160784653009177782e+04
8.893793469836580698e+03
7.112619267267536088e+03
4.127494211472050665e+03
2.100997648924881560e+03
1.512214739796378308e+04
1.291611845298876869e+04
9.986666416866912186e+03
8.074867818586529211e+03
4.860883774459576671e+03
2.618469020806667231e+03
9.561695063229377411e+03
7.983762489014588937e+03
5.874520658736993028e+03
4.484324741875067957e+03
2.226082231255102670e+03
8.841707116882882929e+02
1.025165394910801842e+04
8.590911642025392212e+03
6.372819633064552363e+03
4.911959089789014797e+03
2.522247734487003527e+03
1.057618582051101157e+03
1.098935153306703796e+04
9.241252741184925981e+03
6.908804685981040166e+03
5.374403001435622173e+03
2.848977187596526164e+03
1.257515161379763185e+03
1.178584545299154888e+04
9.944592166878177522e+03
7.490736663343314831e+03
5.879064246294098666e+03
3.212311036177716232e+03
1.488562311589452293e+03
1.265637508426248132e+04
1.071443592827827524e+04
8.129997508882617694e+03
6.436179738076966714e+03
3.620702535655694192e+03
1.757460786657000199e+03
1.362417837347875684e+04
1.157143184833450141e+04
8.844047469086306592e+03
7.061484964795556152e+03
4.087188242578629797e+03
2.074576883999045549e+03
1.472419531270107473e+04
1.254662629181263219e+04
9.659166583605849155e+03
7.778735452686737517e+03
4.631669163476614813e+03
2.455959098785842343e+03
1.601397622118439904e+04
1.369115117303400802e+04
1.061866162872474524e+04
8.627169971854844334e+03
5.287313818157409514e+03
2.928631563420405655e+03
1.059090233285031900e+04
8.878135122703248271e+03
6.597055920243872606e+03
5.100586610039193147e+03
2.653958507726224070e+03
1.138622013600522678e+03
1.119655876121704205e+04
9.412954797475627856e+03
7.038932430885205576e+03
5.482626485968057750e+03
2.925478662660430928e+03
1.306686948735311262e+03
1.184916647873075635e+04
9.989955364719582576e+03
7.517118739795010697e+03
5.897755634501774693e+03
3.225011403206172417e+03
1.497866088379545999e+03
1.256006233098532903e+04
1.061920950835349686e+04
8.040125639058440356e+03
6.353623695781887363e+03
3.558833360285328126e+03
1.717096439050112167e+03
1.334475534848666393e+04
1.131448442710946802e+04
8.619582605265655729e+03
6.860705659943779210e+03
3.935621844662327021e+03
1.971292397576118901e+03
1.422642054195695891e+04
1.209638444238081684e+04
9.272931959097997606e+03
7.434738213532207737e+03
4.368458118327558623e+03
2.270910411457163264e+03
1.523980682678014637e+04
1.299579043881036887e+04
1.002632124920128990e+04
8.099366022394750871e+03
4.877181115277508979e+03
2.631988348472566486e+03
1.644174562579082703e+04
1.406318136369112835e+04
1.092248824434976632e+04
8.893312310066001373e+03
5.494552345320609675e+03
3.081256177305965139e+03
1.118683337800570553e+04
9.397455110875142054e+03
7.018860780824632457e+03
5.462529157098182623e+03
2.910598791637547492e+03
1.298140052028337550e+03
1.174364662983550988e+04
9.890032937567077170e+03
7.427255205380215557e+03
5.816996043552437186e+03
3.165877086100097586e+03
1.460389451585633878e+03
1.234733051073171009e+04
1.042458847491893539e+04
7.871560130583516184e+03
6.203977117187053409e+03
3.448183646049663821e+03
1.644386394151129252e+03
1.300923151028848952e+04
1.101121021305612521e+04
8.360309705618317821e+03
6.631150367526886839e+03
3.763833263958983480e+03
1.855115928174007422e+03
1.374487251995403858e+04
1.166368597691013565e+04
8.905160543443287679e+03
7.109020205492602145e+03
4.121536365661171658e+03
2.099529273813826876e+03
1.457728287918164096e+04
1.240249374947087927e+04
9.523452988053015360e+03
7.653236396583813075e+03
4.534316120056182626e+03
2.388053720498226085e+03
1.554100359277823736e+04
1.325832829516295351e+04
1.024117511158349225e+04
8.287299999556391413e+03
5.021897887446090863e+03
2.736643902928009993e+03
1.669238051445989186e+04
1.428122530128330982e+04
1.110067394069601869e+04
9.049574794331654630e+03
5.616743654512831199e+03
3.171792449593111542e+03
8.115610506008627567e+01
2.905668602597314276e+01
1.571322434610543617e+01
1.230249078653910146e+02
9.154547283640442856e+02
2.449873820775585045e+03
1.324443085052319304e+02
6.101164357225880508e+01
9.255479028160698007e+00
7.848828442107225101e+01
7.771457729134231158e+02
2.219760336451764033e+03
1.970209041460954040e+02
1.060331261157233769e+02
1.541520819358983729e+01
4.611324175219409938e+01
6.498315589958322107e+02
1.999441672136305669e+03
2.821330285991372762e+02
1.697917279235160493e+02
3.672671700004828210e+01
2.532036203643598071e+01
5.252452686383081755e+02
1.773097397981188351e+03
4.050460331354396430e+02
2.668638118793512604e+02
8.240833856932570711e+01
1.999585531434346208e+01
3.940532372366436107e+02
1.518328748187889232e+03
5.688751843573468250e+02
4.017287971884753688e+02
1.596544561236663640e+02
4.003174878797393887e+01
2.728201252977433455e+02
1.258273791611532943e+03
7.815870172239177691e+02
5.825146913702079701e+02
2.769118762885359502e+02
9.418828363314105445e+01
1.710677638876993285e+02
1.003190724792717674e+03
1.061362029658422216e+03
8.262091339006027511e+02
4.487543962073939383e+02
1.945895222527152839e+02
9.464335631612651412e+01
7.524435014747180048e+02
1.235072744728479961e+02
5.514009798506337745e+01
9.474816552402089087e+00
8.474561064315072656e+01
7.982727403985209094e+02
2.255446289990938567e+03
1.881786289007578716e+02
9.966562052357640766e+01
1.396488911344575001e+01
4.953740897240473373e+01
6.652583886826655544e+02
2.026617878193503202e+03
2.718748186394125241e+02
1.619237127265309084e+02
3.361009612016905379e+01
2.691499485552349924e+01
5.384412449432586527e+02
1.797649398198976542e+03
3.910472625680662873e+02
2.556060308349568686e+02
7.661724478533581362e+01
1.963816656353960255e+01
4.071059828237882812e+02
1.544542233474766817e+03
5.512064557975330672e+02
3.869340527955845346e+02
1.506784750993133741e+02
3.688600292810083658e+01
2.841000631209319067e+02
1.283706500633621545e+03
7.750788405856749250e+02
5.765314244386479459e+02
2.726051433496024288e+02
9.189178319587202282e+01
1.740049185039510178e+02
1.011226445958926661e+03
1.096152179320152300e+03
8.544537337881467920e+02
4.676788848814213679e+02
2.063571194158308799e+02
9.070904226634834799e+01
7.332822300016546251e+02
1.676241064677409668e+03
1.361283639528389585e+03
8.450023257917729325e+02
4.643954496631693019e+02
6.295975024795985320e+01
4.251120453282105700e+02
2.252658554344026811e+02
1.260797063299286265e+02
2.106701304724618851e+01
3.846283491312936320e+01
6.100470167858054538e+02
1.928063777959724575e+03
3.455838880744524317e+02
2.171884901892005360e+02
5.694516469231885480e+01
2.108179333183837656e+01
4.626176645409535695e+02
1.653161018489098069e+03
5.319214526681246298e+02
3.647532378382072125e+02
1.342361082659464842e+02
3.240600469378306769e+01
3.145723762222260689e+02
1.349030872124509642e+03
8.397972637874029260e+02
6.159257384992378093e+02
2.886132472107412923e+02
9.971721240593356583e+01
1.755757740810983876e+02
1.008558571471308824e+03
1.360578160781907627e+03
1.048851249517539372e+03
5.823456478002042331e+02
2.757171570626887842e+02
8.140452938836121177e+01
6.521924376476501948e+02
2.255295450798263118e+03
1.802078712389361726e+03
1.127424495430840580e+03
6.571614917055576370e+02
1.037075310153640402e+02
3.294472237850186502e+02
3.738552012785817169e+03
3.063527753008148920e+03
2.081998428327387501e+03
1.387752073296280059e+03
3.681512364531615731e+02
1.516734858361935494e+02
6.035895187104249999e+03
5.038397890530022778e+03
3.628881915724212831e+03
2.641578839409289230e+03
1.043670623987449062e+03
2.849035455679314168e+02
1.938068728040670067e+03
1.471710290791526404e+03
8.337382782072642158e+02
4.344344859245443331e+02
8.875267115266973406e+01
5.245521333347340942e+02
2.723815917695867938e+03
2.125258770997175816e+03
1.303578777095840451e+03
7.696332413486611586e+02
1.434992844077093253e+02
3.138914315029525142e+02
3.711537955517905175e+03
2.957306333552359320e+03
1.923793022038266599e+03
1.239503082493575675e+03
3.084797966969464937e+02
1.921265475722095744e+02
4.911078098489626427e+03
3.978728979113085188e+03
2.706748290512539825e+03
1.857962693041194598e+03
6.016428455667103208e+02
1.808948154943267639e+02
6.319996013973782283e+03
5.189571573621324205e+03
3.655774567431126798e+03
2.630964499020286439e+03
1.034639746162946039e+03
2.968239750472529295e+02
7.937256119071449575e+03
6.590916237809183258e+03
4.774521542614346799e+03
3.564041644874343547e+03
1.616664913317970559e+03
5.518502381146668085e+02
9.767236028894030824e+03
8.188261269361213635e+03
6.069835109556666794e+03
4.665183570653181960e+03
2.357864529954216778e+03
9.571957314162787043e+02
1.184197892478694848e+04
1.001133946067478792e+04
7.568541107247554464e+03
5.959891539011756322e+03
3.281532786396511710e+03
1.532793660355216844e+03
4.980909088207661625e+03
3.997237164176566694e+03
2.681830095237425667e+03
1.825077820568203606e+03
5.865171493719658429e+02
1.907636321505712544e+02
5.934491659784695003e+03
4.815838569530744280e+03
3.320472641224893323e+03
2.341730582280173621e+03
8.665202130023615155e+02
2.500845778879771046e+02
6.976373179940363116e+03
5.716125379789733415e+03
4.033178794310771991e+03
2.929117880985222655e+03
1.214001001022491664e+03
3.739742552259343142e+02
8.108760552080820162e+03
6.700362334689961244e+03
4.822272678840818116e+03
3.589667875798212663e+03
1.631563768710525892e+03
5.649566170681979429e+02
9.336842736548418543e+03
7.773314542260307462e+03
5.692034562087488666e+03
4.327504695072366303e+03
2.123148620573777862e+03
8.265284997078946390e+02
1.067610167742505291e+04
8.948876192668540170e+03
6.654375816253785160e+03
5.153473275206075414e+03
2.697779867927047690e+03
1.165652091544409586e+03
1.215423423525204635e+04
1.025179792921320404e+04
7.730426699327472306e+03
6.086794191462309755e+03
3.371579231055233322e+03
1.595054235603851794e+03
1.382445251869921049e+04
1.172962547652193280e+04
8.960790358887523325e+03
7.164423915589498392e+03
4.175710186184029226e+03
2.139667097543330328e+03
7.065734275339542364e+03
5.770260577436105450e+03
4.053151192612611339e+03
2.937624770652957977e+03
1.219071584627054108e+03
3.806413738690776540e+02
7.921064364968609880e+03
6.514252213186486188e+03
4.649565924945674851e+03
3.436175004664659355e+03
1.531802388942202015e+03
5.199719634566832838e+02
8.832575272898335243e+03
7.310418401914547758e+03
5.293506586025800971e+03
3.980238184793686742e+03
1.887934793327017587e+03
7.004982482040949208e+02
9.808620838041151728e+03
8.166191499328202553e+03
5.991253438998103775e+03
4.575450808740030880e+03
2.291997613310453289e+03
9.255736448654588457e+02
1.086127374479753780e+04
9.092282353657989006e+03
6.751853647558125886e+03
5.229975445570613374e+03
2.750728374875423469e+03
1.200431800715189183e+03
1.201156499821839498e+04
1.010743526960964664e+04
7.591215256461580793e+03
5.958164598870210284e+03
3.275916800169812632e+03
1.534203933155544064e+03
1.329205917331453747e+04
1.124070219088430895e+04
8.534077099810441723e+03
6.782460763053612027e+03
3.886353091826666514e+03
1.941855377959840553e+03
1.475852191461615257e+04
1.254188058100684066e+04
9.622942200745770606e+03
7.741556043847184810e+03
4.614808647955363085e+03
2.449893800456537519e+03
9.222771769007524199e+03
7.629031540522115392e+03
5.528930027952978890e+03
4.171860136173063438e+03
2.015585373472884157e+03
7.730239090925572327e+02
9.914104539872332680e+03
8.236727564502032692e+03
6.026076266963968010e+03
4.596899108217667163e+03
2.305675169899591765e+03
9.364722261716802905e+02
1.065209213371414444e+04
8.886955394944936415e+03
6.560744762057576736e+03
5.056859102821990746e+03
2.626791185473612586e+03
1.127009068497282897e+03
1.144767169298617591e+04
9.589460224813648892e+03
7.141195779177342047e+03
5.559168617553802505e+03
2.984980115407434823e+03
1.349288975278706403e+03
1.231553449154866576e+04
1.035732668093876055e+04
7.778536065270181098e+03
6.113862997136636295e+03
3.388562038101490543e+03
1.609889359787113790e+03
1.327821205853552237e+04
1.121067428215100881e+04
8.489903646395121541e+03
6.736458413485381243e+03
3.850441697510587346e+03
1.919043824672029132e+03
1.436936146303999703e+04
1.217955910377610780e+04
9.300936454188315111e+03
7.450251965413292965e+03
4.390250856000373460e+03
2.292580090596670743e+03
1.564435493840848903e+04
1.331342014030108476e+04
1.025383584459188205e+04
8.293693329957846800e+03
5.040705356281751847e+03
2.757168436236781417e+03
1.026069072095207957e+04
8.530450409095763462e+03
6.255370621851112446e+03
4.789463227985349477e+03
2.438708220386827634e+03
1.015878852907109149e+03
1.086558791534689954e+04
9.064398158232848800e+03
6.695664972665073947e+03
5.169135893581036726e+03
2.705589577073735654e+03
1.176477970011614616e+03
1.151643579758119813e+04
9.639859528832159413e+03
7.171985710095113063e+03
5.581818861137027852e+03
3.000633645781447740e+03
1.360419357773312868e+03
1.222442264617429828e+04
1.026682333153551917e+04
7.692828218793999440e+03
6.035175352391098386e+03
3.330134537780531900e+03
1.572622740481597248e+03
1.300454595667829744e+04
1.095866808003404913e+04
8.269575917686679531e+03
6.539506932831993254e+03
3.702666568345933683e+03
1.819912280544814621e+03
1.387928865639037940e+04
1.173548207254354202e+04
8.919359579193551326e+03
7.110342375926642490e+03
4.131197151471570578e+03
2.112638216721197750e+03
1.488216149304001374e+04
1.262719373574207384e+04
9.667714459108989104e+03
7.770894162160930136e+03
4.635320274278091347e+03
2.466642867651395591e+03
1.606786267164388482e+04
1.368262429313272878e+04
1.055629582040966307e+04
8.559114129671852425e+03
5.247360575780067848e+03
2.908320010747202559e+03
1.085989443438639137e+04
9.052609296477265161e+03
6.678866128627430044e+03
5.152024046381532571e+03
2.693114888437770787e+03
1.169738531919274692e+03
1.141492301340645281e+04
9.543603162926250661e+03
7.085414662844349550e+03
5.504163418310270572e+03
2.944362061866900149e+03
1.325656648037381728e+03
1.201587042210298750e+04
1.007591708126220146e+04
7.527550603679050255e+03
5.888668015490651669e+03
3.222666356552832440e+03
1.503387660256317986e+03
1.267391495815060262e+04
1.065953794092209500e+04
8.013778721761838824e+03
6.313218108579138971e+03
3.534357000633748612e+03
1.707904864473716998e+03
1.340408210127606253e+04
1.130787677960117253e+04
8.555518708989789957e+03
6.788153192939988003e+03
3.888049637208105651e+03
1.946078438492180567e+03
1.422871418193826139e+04
1.204089849097561091e+04
9.169800092178833438e+03
7.328915520708582335e+03
4.296656536494655484e+03
2.228235322957221797e+03
1.518113513207111828e+04
1.288836175146315145e+04
9.882009650116762714e+03
7.958582622497569901e+03
4.779664263690572625e+03
2.570140912182619104e+03
1.631558144915865705e+04
1.389866158797107164e+04
1.073342120437984886e+04
8.714751898326347145e+03
5.369100523647096452e+03
2.997953990445204909e+03
1.792077956992509380e+00
1.274167084826941654e+01
1.245537765490080062e+02
3.557817714354735017e+02
1.452719197893705314e+03
3.284361030459715948e+03
1.206447051610513377e+01
3.307294682419630760e+00
7.597811947078342598e+01
2.684227011285775575e+02
1.269925205546500138e+03
3.008230421526216105e+03
3.639033794399154687e+01
7.443665498509994372e+00
4.000641240550586275e+01
1.926991311721876059e+02
1.096340808574120729e+03
2.738880640250305987e+03
8.000881024960960985e+01
2.846828284516061913e+01
1.613224752583263566e+01
1.243063554845066250e+02
9.182751753137544029e+02
2.453386205071543827e+03
1.566997631141040870e+02
7.750328899747307787e+01
1.018913535412846372e+01
6.382479652463430853e+01
7.233284193929217736e+02
2.126578903878984420e+03
2.678274640777191848e+02
1.589184590131793584e+02
3.252904733603703136e+01
2.755042709065862994e+01
5.424940791128561841e+02
1.803928003323795110e+03
4.197839651730684523e+02
2.790376864920105504e+02
8.933478150691331621e+01
2.151949956345541182e+01
3.814194085777276086e+02
1.490662588129820961e+03
6.355198455222746361e+02
4.581707242267708011e+02
1.956332590375268694e+02
5.547445583511699851e+01
2.366333943760859029e+02
1.170100294721539967e+03
9.605309962814969182e+00
3.902787976020677618e+00
8.264042620301071906e+01
2.810960733986962623e+02
1.297389217605508065e+03
3.050158981016347752e+03
3.272108598758717335e+01
6.221612842975031477e+00
4.364490243008821579e+01
2.011536880737283184e+02
1.116645672968644703e+03
2.770773997287828024e+03
7.426915937280567448e+01
2.527580321148858644e+01
1.800264209624960188e+01
1.311965279272151292e+02
9.375273577082721204e+02
2.484741348292815928e+03
1.466981385635701542e+02
7.068288508918932678e+01
9.708520330612483207e+00
6.964196034248374190e+01
7.446835552280210777e+02
2.163180504300144094e+03
2.550754266527455911e+02
1.492048741609303306e+02
2.895032967109321476e+01
3.010624510560894862e+01
5.602055502797907138e+02
1.836494506510289511e+03
4.171848272076346689e+02
2.766443013088058933e+02
8.794598487657978581e+01
2.144193310531632335e+01
3.847994566809030630e+02
1.497391105023399632e+03
6.702660161260424729e+02
4.855831329176068607e+02
2.120417827347867217e+02
6.293400960692531498e+01
2.237272031890077528e+02
1.137307310203190355e+03
1.179338675390643857e+03
9.174970060879066978e+02
5.068944909057441919e+02
2.310048633510831451e+02
8.744498935830364417e+01
7.026901684543699957e+02
5.103296506701918389e+01
1.341527376456207854e+01
3.031396240170668577e+01
1.681935478634921424e+02
1.035595310917794222e+03
2.642430796989660848e+03
1.195927580184052346e+02
5.173123102294111675e+01
1.108340805256228023e+01
9.320024202706744632e+01
8.240966970355095782e+02
2.297144301787813220e+03
2.479651853095033687e+02
1.397790291190568723e+02
2.543489734502819388e+01
3.787515186937672240e+01
5.997416122665139255e+02
1.907185193267058594e+03
4.913279963608414960e+02
3.239000250021575766e+02
1.076087204036941500e+02
2.758964869236530859e+01
3.691957122133488838e+02
1.461391087778260498e+03
9.473466178460419087e+02
6.874558192963830834e+02
3.238531024150085500e+02
1.182938633829791115e+02
1.701656820126730452e+02
9.809376832176335483e+02
1.795880417868556833e+03
1.385215627927334253e+03
7.989259866903033753e+02
4.171614255903743924e+02
8.016596002782631558e+01
5.169887006924126354e+02
3.281765056725168051e+03
2.633616672996177840e+03
1.717135214770845778e+03
1.092625741158649589e+03
2.473392137938215285e+02
2.013555782333125990e+02
5.643391036544276176e+03
4.654129777588603247e+03
3.281604793047885778e+03
2.341816678256907380e+03
8.691039589821338041e+02
2.332708471083832080e+02
1.560146813442484699e+03
1.133185825581864265e+03
5.792060365022244923e+02
2.640612326042384552e+02
1.219453276111794935e+02
7.547086174840585500e+02
2.336589120026585078e+03
1.767845830640295844e+03
1.016285764530644883e+03
5.557551060009966477e+02
1.098018025502029502e+02
4.548998447271331997e+02
3.333638858016920494e+03
2.598633235962542130e+03
1.619928806668317065e+03
9.974279068220657791e+02
2.218006481045548810e+02
2.566332103658359074e+02
4.559455091781681404e+03
3.635746030901955692e+03
2.403037555740509561e+03
1.604273041082465625e+03
4.784155586163280418e+02
1.850913923416854630e+02
6.006842880874742150e+03
4.875751683870631496e+03
3.367027848544024437e+03
2.381242089026490703e+03
8.917087515483657398e+02
2.584098654592015691e+02
7.670345544319658075e+03
6.316348287109252851e+03
4.513392339924607768e+03
3.332329416033643156e+03
1.470003024968962563e+03
4.880002200296401611e+02
9.548772588879868636e+03
7.958482213046474499e+03
5.845707623431054344e+03
4.462938336478154270e+03
2.221638240323809441e+03
8.837128756177040714e+02
1.166811685851852235e+04
9.826737518315370835e+03
7.386875316445793942e+03
5.795337078384523920e+03
3.167472524863415856e+03
1.463458768438465995e+03
4.668216664163553105e+03
3.688975789264356990e+03
2.407035893640025733e+03
1.595958242709620208e+03
4.781318362417062531e+02
2.001116623065715316e+02
5.644555545758745211e+03
4.524314499403708396e+03
3.053129211965069771e+03
2.112884580497880052e+03
7.431066445436877075e+02
2.296483132906365086e+02
6.713437051046281340e+03
5.446514305611648524e+03
3.779501909407705170e+03
2.707331558755239257e+03
1.083143036094283843e+03
3.318307319518544887e+02
7.875187625036319332e+03
6.456244816638121847e+03
4.587258023905139453e+03
3.380725808538758429e+03
1.500144287350442028e+03
5.086877227805342159e+02
9.132819280028143112e+03
7.556415463888421982e+03
5.479237202731825164e+03
4.135982596907800144e+03
1.997133985113993958e+03
7.629858715785086360e+02
1.050084262217913783e+04
8.760183301153181674e+03
6.466886139107282361e+03
4.983587321986381539e+03
2.582756225314549738e+03
1.101167746221834477e+03
1.200558572158531751e+04
1.009128522125506970e+04
7.570757886621548096e+03
5.942389389361037502e+03
3.272880746894041295e+03
1.535655048158552745e+03
1.369859892852404300e+04
1.159610801225868818e+04
8.830940041782459957e+03
7.049158303875452475e+03
4.098731422875879616e+03
2.091415621726491281e+03
6.824403770455759513e+03
5.520225933788149632e+03
3.816040539058837567e+03
2.730096094416917822e+03
1.097337322522771956e+03
3.424799955005862557e+02
7.699463720504174489e+03
6.281306576463130114e+03
4.424755044256598921e+03
3.236822063333699134e+03
1.408710481205340784e+03
4.707816812334178849e+02
8.631785043973384745e+03
7.096383680958184414e+03
5.083680647542273618e+03
3.792205293053816149e+03
1.767182997291240781e+03
6.442598311290373658e+02
9.628880940432905845e+03
7.972191472265461925e+03
5.798582302166449153e+03
4.401468744237125065e+03
2.176991361684179537e+03
8.660409836429587358e+02
1.070178752710103254e+04
8.918602892574752332e+03
6.577916305653684503e+03
5.072313853731502604e+03
2.644551170884612930e+03
1.141102145990278814e+03
1.187124708182463291e+04
9.954262682578524618e+03
7.437703524970213948e+03
5.819286370585423356e+03
3.181822228880272633e+03
1.478619371597296777e+03
1.316913671544496538e+04
1.110785749079413290e+04
8.402702583428050275e+03
6.665027376122169699e+03
3.807888335809659566e+03
1.893787012548108805e+03
1.465023418745173876e+04
1.242869171485677543e+04
9.515538765430619605e+03
7.648658497670132419e+03
4.556165270456375765e+03
2.413702985595500195e+03
9.047433482115578954e+03
7.438735185680107861e+03
5.339703035973574515e+03
4.001660197566162879e+03
1.905966760013625844e+03
7.208907589818235238e+02
9.751315870593125510e+03
8.058668504513142580e+03
5.847599043799123137e+03
4.435628087956205491e+03
2.199822570720262775e+03
8.823447118207678841e+02
1.050219442839045223e+04
8.721931312752734812e+03
6.394337416184774156e+03
4.906088892823238893e+03
2.526479472907722084e+03
1.072664963605749335e+03
1.131060968656885780e+04
9.437987171849435981e+03
6.988036463495127464e+03
5.420401827061174117e+03
2.891988659080103389e+03
1.296537246279895726e+03
1.219070388869309863e+04
1.021953865800713720e+04
7.639622098863934298e+03
5.988522976853265391e+03
3.304686310738979955e+03
1.560582582055798184e+03
1.316488659886551613e+04
1.108677528914583854e+04
8.366519379888030016e+03
6.626345919089371819e+03
3.777867422841372445e+03
1.875338356026625434e+03
1.426637016424731519e+04
1.206962274819744562e+04
9.194610209132793898e+03
7.357587156175448399e+03
4.331684359204102293e+03
2.257096584415006419e+03
1.554983047364493359e+04
1.321731551768911231e+04
1.016649405473646220e+04
8.221392807055826779e+03
4.999752101040369780e+03
2.733362569896170953e+03
1.011225690044497969e+04
8.366235644987058549e+03
6.089372672934166985e+03
4.639221108730201195e+03
2.339957698769329454e+03
9.645222056960072905e+02
1.072638665371917705e+04
8.909791252955115851e+03
6.538837113438284177e+03
5.027013930629564129e+03
2.611318318771088343e+03
1.125245267366717144e+03
1.138675106000632150e+04
9.495507605972426973e+03
7.025380341325709196e+03
5.449050022599250042e+03
2.912162319960059904e+03
1.310544477547819724e+03
1.210424408082263290e+04
1.013318774491579097e+04
7.557442555224713942e+03
5.913003500037891172e+03
3.248856990799829873e+03
1.525428541565717978e+03
1.289343909198913025e+04
1.083594357645209675e+04
8.146328418924972539e+03
6.429190512529163243e+03
3.630073292219052291e+03
1.776834873155949253e+03
1.377671152224584148e+04
1.162394719871801863e+04
8.809470740220407606e+03
7.013536016293243847e+03
4.069200827862427104e+03
2.075462643723968085e+03
1.478718558621645570e+04
1.252704919902165420e+04
9.572694251263623300e+03
7.689714902078181694e+03
4.586396962560865177e+03
2.437663339754302797e+03
1.597894864675189092e+04
1.359394520107091921e+04
1.047812228252505884e+04
8.496439652653012672e+03
5.214942319633450097e+03
2.890717156426485872e+03
1.072539555541420850e+04
8.902418701396842152e+03
6.525993296393055971e+03
5.013489043319839766e+03
2.601589396882506662e+03
1.120382003693304796e+03
1.128793896258895074e+04
9.401588840565955252e+03
6.940742228660309593e+03
5.373132985012436620e+03
2.857423386253938588e+03
1.277215399696468012e+03
1.189667217301914388e+04
9.942673812208693562e+03
7.392029577838511614e+03
5.766243451710149202e+03
3.141456826556261603e+03
1.456881372299127406e+03
1.256252318015666242e+04
1.053551541550424008e+04
7.888339512359463697e+03
6.200543116224039295e+03
3.460116849494433609e+03
1.664461578804750388e+03
1.330014977214395003e+04
1.119330859777367732e+04
8.441056204737475127e+03
6.686424634735936706e+03
3.822147433449662913e+03
1.906964323262904600e+03
1.413178905758707515e+04
1.193610242863406529e+04
9.067510895513614742e+03
7.239727077687906785e+03
4.240888048229699052e+03
2.195076759346331983e+03
1.509040493536490976e+04
1.279359994434817963e+04
9.793396484671184226e+03
7.884004497085685216e+03
4.736402421229980973e+03
2.545086967199436003e+03
1.622966444974190199e+04
1.381410692935453335e+04
1.066048433784204826e+04
8.657641062628052168e+03
5.341694321976285210e+03
2.984056775275755172e+03
4.867067713926029171e+01
1.168214400196300886e+02
3.421605875161359336e+02
6.857669844110977238e+02
2.058768453205505011e+03
4.159770087809962206e+03
2.180377448808816254e+01
7.202314570337006217e+01
2.617675567409939958e+02
5.701310211580545229e+02
1.856520815331128460e+03
3.872965260490171659e+03
5.294039973714061986e+00
3.563717900018129114e+01
1.859047009162595714e+02
4.551532912945648945e+02
1.645295512033746718e+03
3.567610026700309390e+03
3.893498450463376948e+00
8.791652755744514991e+00
1.084833772309800395e+02
3.275686835992001988e+02
1.394057886986363428e+03
3.195134683137998763e+03
2.982157426054995852e+01
5.545071422833020236e+00
4.725340598132927994e+01
2.088366328808662615e+02
1.133623767079145182e+03
2.795831206664011916e+03
8.556178087915640162e+01
3.189743022878086265e+01
1.519903594790859103e+01
1.188611475906282067e+02
9.009219501822585698e+02
2.423277171548200386e+03
1.754712848635399780e+02
9.106188339638833895e+01
1.325292043175126366e+01
5.630485213013258772e+01
6.889835658323668213e+02
2.064931411570000819e+03
3.278373466586048153e+02
2.059753937387685880e+02
5.369097111155945612e+01
2.283467747387023650e+01
4.731812719469053263e+02
1.670194972902916788e+03
2.446357896727450409e+01
7.687826046042958694e+01
2.709746706445823747e+02
5.836398121541882347e+02
1.880568861214536128e+03
3.907257532705211815e+03
6.447482219419890193e+00
3.898963546016413062e+01
1.936233994830091945e+02
4.671962541394187838e+02
1.667970498728088160e+03
3.600671671578517817e+03
2.921439162071483242e+00
1.104969757824935783e+01
1.171665427581600767e+02
3.426298562099491392e+02
1.424861806220584185e+03
3.241403792778463867e+03
2.497939183397301477e+01
4.453623878995677465e+00
5.363118093049162383e+01
2.226308045883147315e+02
1.165713678139673220e+03
2.845876741075678183e+03
7.894549441220701169e+01
2.812854257326613094e+01
1.717081220137721687e+01
1.265650553484615841e+02
9.227717631260119333e+02
2.458986018270389650e+03
1.766264580954008068e+02
9.173860783653714179e+01
1.351036609105507935e+01
5.641200192370996547e+01
6.888733358689971737e+02
2.064558289879054428e+03
3.601542596239942782e+02
2.300198761047183780e+02
6.462750596181400908e+01
2.253389168641333740e+01
4.465344510096201702e+02
1.617702219662978450e+03
7.934855287249308731e+02
5.817499693648784387e+02
2.703596861258753279e+02
9.241324529575318536e+01
1.893572722927610243e+02
1.040149208495394078e+03
2.321856842927497944e+00
2.264368668775189875e+01
1.540901239271824750e+02
4.050436431799909656e+02
1.549826545607829530e+03
3.427321551622394509e+03
1.500465335634036279e+01
4.663516094075645491e+00
7.731794489787202451e+01
2.709597790071340455e+02
1.274961585087935646e+03
3.014390750854416183e+03
7.985252128669657168e+01
2.745252247209181817e+01
2.240113799648238668e+01
1.419119827244743419e+02
9.651221513935416851e+02
2.527212552296507511e+03
2.504195175106456475e+02
1.366802662080158086e+02
2.509579828212139319e+01
4.708625753188638896e+01
6.365735256756028093e+02
1.970000009284089856e+03
6.318051612170158933e+02
4.214338259447115433e+02
1.549948485326909520e+02
4.397307447588774210e+01
3.246709661341479887e+02
1.357868763825173801e+03
1.425339594670520455e+03
1.054844251555565506e+03
5.509274248581365327e+02
2.507790170844753277e+02
1.119645867652041602e+02
7.414876199408741968e+02
2.911542805814285657e+03
2.287278485799983628e+03
1.428570732676119860e+03
8.656990380248732890e+02
1.738540100012461664e+02
2.777832896920310759e+02
5.338018707744500716e+03
4.354057721226174181e+03
3.010798689696628571e+03
2.109836915594042694e+03
7.405162318371952779e+02
2.067329389828449848e+02
1.264635772137361300e+03
8.743426465047725742e+02
3.973983025737862818e+02
1.584053781006265353e+02
1.987562231852569425e+02
1.007546199686239561e+03
2.030764350310956161e+03
1.488764577469389451e+03
7.997788398427635457e+02
4.042016103628674273e+02
1.165534601329531341e+02
6.148474403452364641e+02
3.040627252006949220e+03
2.321141838124899550e+03
1.388593366185006289e+03
8.185319999573140421e+02
1.747621018313617469e+02
3.379159801293142777e+02
4.296080893691431811e+03
3.377102814497060535e+03
2.174525281427887421e+03
1.416019165547192415e+03
3.965042036206382932e+02
2.074899743032041783e+02
5.786245592747965929e+03
4.650571481198731817e+03
3.157535953254698143e+03
2.200738602833433561e+03
7.935751863272994342e+02
2.417554635618866996e+02
7.501110140425938880e+03
6.135621430190524734e+03
4.336603755927253587e+03
3.174709077787471870e+03
1.372830571729879466e+03
4.508738391867520363e+02
9.434778170065535960e+03
7.829217120840538882e+03
5.712280673575263791e+03
4.340817995838268871e+03
2.140622975005030639e+03
8.429680422695619200e+02
1.160803797641450001e+04
9.751261202155435967e+03
7.303604074402227525e+03
5.717982174146402031e+03
3.115126341234626125e+03
1.433678757681160050e+03
4.441263289128190081e+03
3.462789149811665084e+03
2.205280292447520424e+03
1.430061850044001176e+03
4.087537351923343749e+02
2.254209527362709764e+02
5.444772138760227790e+03
4.319132522601469645e+03
2.862737791115990603e+03
1.950851086447533362e+03
6.617781302733094435e+02
2.279864697773984403e+02
6.546774695853726371e+03
5.269109410620108974e+03
3.608135860297496947e+03
2.557273490044769915e+03
9.985336840988817357e+02
3.121633377047528484e+02
7.742924171341472174e+03
6.309272026568210094e+03
4.439262472781682845e+03
3.247999434959007431e+03
1.419213290666034027e+03
4.792072010721197444e+02
9.035475104685383485e+03
7.441884647661921008e+03
5.358424637007105048e+03
4.025415699396692617e+03
1.926139030100217724e+03
7.309413828776257560e+02
1.043848381430840891e+04
8.679780544653762263e+03
6.376882346864959800e+03
4.899839828824019605e+03
2.527625603138635597e+03
1.073234538096102824e+03
1.197803370336124135e+04
1.004661827877232281e+04
7.515313833831581178e+03
5.890315942200378231e+03
3.239654870300104903e+03
1.518425879858038570e+03
1.370532694296389127e+04
1.158869348911676570e+04
8.814064667148742956e+03
7.034045743983127068e+03
4.093955106991970752e+03
2.091879280640407615e+03
6.677928686755803028e+03
5.361207276054743488e+03
3.660259436301237201e+03
2.593396474801272689e+03
1.021123333370278147e+03
3.263169805618207420e+02
7.577536073683286304e+03
6.144010401258118691e+03
4.285587510395257596e+03
3.112341041635020702e+03
1.334771348414610884e+03
4.470527921389021913e+02
8.536484269446042163e+03
6.983529649237644662e+03
4.964585759718651389e+03
3.683778875476994926e+03
1.699766819314466375e+03
6.173961363887243579e+02
9.559741374748477028e+03
7.884244696141611712e+03
5.701178642391490939e+03
4.311377783060214824e+03
2.119318719268190307e+03
8.399199860960885644e+02
1.065849215969290162e+04
8.856232577813663738e+03
6.504066634240790336e+03
5.003060819708706731e+03
2.599900654629356723e+03
1.119449798668502581e+03
1.185373516145186295e+04
9.918503396228490601e+03
7.389742789831289883e+03
5.773858470400053193e+03
3.153823902497376366e+03
1.465309166674242988e+03
1.317770246718887392e+04
1.110027177571171887e+04
8.383691689230388874e+03
6.647204467943162854e+03
3.800893897338611623e+03
1.893231874179524084e+03
1.468554211380174638e+04
1.245149659004010573e+04
9.529549721382176358e+03
7.663396098547950714e+03
4.575736777369696028e+03
2.431372534186619305e+03
8.978866042597444903e+03
7.350940123107528052e+03
5.242501545182536574e+03
3.912277505545715485e+03
1.850780610709511848e+03
6.992911449499760010e+02
9.699888703186736166e+03
7.987418025330188357e+03
5.765071761125976991e+03
4.358824683849681605e+03
2.151660371205683077e+03
8.618543155493647419e+02
1.046892579676617788e+04
8.668619114072545926e+03
6.328301442958923872e+03
4.843872310941407704e+03
2.487459880489011084e+03
1.055352708546530948e+03
1.129520032018375241e+04
9.402873671584669864e+03
6.939426434148123917e+03
5.374058857798054305e+03
2.863788026571322916e+03
1.284269135160717724e+03
1.219318970362493383e+04
1.020329118156842742e+04
7.609844852835377424e+03
5.959816525884179100e+03
3.289363136139114886e+03
1.555467029996549854e+03
1.318569965428539945e+04
1.109058224247018370e+04
8.357632730343610092e+03
6.617724393971689096e+03
3.778091504474513840e+03
1.879947624188424015e+03
1.430644609862115067e+04
1.209536716693912967e+04
9.209583815050198609e+03
7.372492048757823795e+03
4.351077448979409382e+03
2.274800041147262618e+03
1.561077534040453975e+04
1.326785370748788955e+04
1.020963999414785212e+04
8.264771676837963241e+03
5.043463449903600122e+03
2.768882843451007375e+03
1.007735179647847144e+04
8.310885777560606584e+03
6.021205793847229870e+03
4.575177944119264794e+03
2.300397951638345603e+03
9.482222290109975802e+02
1.070508055704816434e+04
8.868094595725917316e+03
6.483472403645616396e+03
4.974443879725435181e+03
2.579198079028394659e+03
1.111870292236528712e+03
1.137992998454804365e+04
9.468640541587716143e+03
6.984310427026117395e+03
5.409571196960617272e+03
2.889109109262597485e+03
1.301594393540851797e+03
1.211185682489165083e+04
1.012154180383694984e+04
7.531577123463191128e+03
5.887776178159553638e+03
3.236242430146075094e+03
1.522313249747990767e+03
1.291576008671727686e+04
1.084031476124323126e+04
8.137058719102159557e+03
6.419871644636657038e+03
3.629699334904272746e+03
1.781280998143615989e+03
1.381440783394092068e+04
1.164565294004660427e+04
8.818847119698288225e+03
7.022484298882118310e+03
4.083516785648698715e+03
2.089716868260969477e+03
1.484144371587677233e+04
1.256812075353294313e+04
9.603702544201027195e+03
7.720309464855879014e+03
4.618841854609807342e+03
2.464816194644872212e+03
1.605170653667096121e+04
1.365747151379666320e+04
1.053517562267041649e+04
8.553649087441333904e+03
5.270558375656757562e+03
2.935279636839682553e+03
1.070869009168144476e+04
8.865061735140096062e+03
6.474524815425017550e+03
4.964444102302413739e+03
2.572134064857007161e+03
1.108794356574558833e+03
1.128296200384108852e+04
9.376284921553720778e+03
6.900925150656224105e+03
5.334762505938877439e+03
2.835332775470628803e+03
1.269157789460079130e+03
1.190426855876795707e+04
9.930523226691237141e+03
7.365235275656253179e+03
5.740017400843528776e+03
3.128168953985109965e+03
1.453633044431457165e+03
1.258278080853027313e+04
1.053699758271709106e+04
7.875496566972734399e+03
6.187595785702212197e+03
3.456899329081470569e+03
1.667261885403761198e+03
1.333346741967988055e+04
1.120929468848870783e+04
8.443567109805111613e+03
6.688384399501571352e+03
3.830707700143706461e+03
1.917391116570033773e+03
1.417894912552770074e+04
1.196797726238994983e+04
9.087431587840776047e+03
7.258921396685527725e+03
4.263587594883872953e+03
2.215243631748739972e+03
1.515271246281861568e+04
1.284346560034600589e+04
9.833722437827527756e+03
7.923786715594172165e+03
4.776601277815349931e+03
2.577963936176727202e+03
1.630921278573081145e+04
1.388516039677181652e+04
1.072567465279519456e+04
8.722988413683387989e+03
5.404385796451449096e+03
3.034059193926698754e+03
