# Flattened chi^2 for model space generated from FSPS with dimmetions `['logzsol', 'tau', 'sf_star', 'tburst', 'fburst']` and shape (6, 9, 8, 6)
1.487044586856544015e+02
8.048299647312579452e+01
1.082377272698413151e+01
2.985310357011933391e+01
4.626990919042789301e+02
1.440897772407567118e+03
1.809481642785291058e+02
1.040293696871596723e+02
1.705970180998154717e+01
1.888941887160369504e+01
4.092121671785293415e+02
1.345549481538116424e+03
2.175114505687105009e+02
1.317194122407976238e+02
2.708123482648988301e+01
1.134568723646296640e+01
3.582002317594292435e+02
1.251692068122426463e+03
2.718348109784319035e+02
1.742520863493688523e+02
4.612908904369340490e+01
7.036712904395948875e+00
2.960524821625639902e+02
1.132483232183796417e+03
3.521799552505260635e+02
2.391953764838211782e+02
8.037900936788511785e+01
1.073969924165153778e+01
2.240242770984359311e+02
9.856217214976500145e+02
4.586914649405928799e+02
3.278345994964248007e+02
1.333832946263599410e+02
2.825475057634463738e+01
1.534510579952225271e+02
8.278607903246581827e+02
6.016265762836661679e+02
4.499510056299261578e+02
2.139715118765617774e+02
6.746117531129739575e+01
8.984565145075023906e+01
6.623650377991966707e+02
8.005516785750437521e+02
6.236618371013107662e+02
3.373480111976184617e+02
1.406302906359276506e+02
3.806054096074394266e+01
4.864474715524886506e+02
1.764892927346991200e+02
1.007308075773169804e+02
1.606974091891363088e+01
2.019220390435599910e+01
4.161790567620035972e+02
1.358086730892850483e+03
2.140552287308123880e+02
1.290745916825978554e+02
2.605055464148815858e+01
1.191781264446415634e+01
3.627305810759778524e+02
1.260112917831010918e+03
2.666180189921777242e+02
1.701117438572189542e+02
4.413077185843799555e+01
7.165357619704732173e+00
3.014323079472819131e+02
1.143021592235615344e+03
3.436510268612766481e+02
2.322122909365757266e+02
7.647882198762854955e+01
9.906322952634923240e+00
2.307779119117600999e+02
9.998470857271843215e+02
4.488739663206035857e+02
3.195807117173905567e+02
1.282783462336448963e+02
2.630023161355116912e+01
1.593114364051895677e+02
8.414289642752339660e+02
5.972636130926193800e+02
4.460328185810868717e+02
2.111505540253363620e+02
6.584660795576256476e+01
9.130646374515183084e+01
6.668393623143238074e+02
8.137976223262030544e+02
6.345392534340385282e+02
3.447634496612380985e+02
1.453223785355700386e+02
3.672898985965540675e+01
4.793142250638022688e+02
1.178712870014143846e+03
9.566768759712330166e+02
5.871486685363125844e+02
3.114623719293177828e+02
1.662338334302463494e+01
2.750019979962824550e+02
2.411795208143902869e+02
1.497906414084385744e+02
3.471367275447749279e+01
8.965141690065662416e+00
3.312743127095197906e+02
1.200495021032108525e+03
3.121043379451107853e+02
2.056992738690369436e+02
6.172225399524165113e+01
7.777693950029335390e+00
2.607126926227660419e+02
1.061492409888698376e+03
4.217240312375604958e+02
2.945577223348274174e+02
1.116205865124553753e+02
2.024575404343718432e+01
1.816241054625985498e+02
8.921009556658399333e+02
5.955152566044388323e+02
4.387287098789165043e+02
2.023486469999082829e+02
6.094518378197798114e+01
1.013130094519699611e+02
6.926250240553372350e+02
8.750915237582896680e+02
6.747162324761219452e+02
3.639445381118608793e+02
1.556858353655991891e+02
3.750259419546883066e+01
4.732994573067572333e+02
1.335355545627715856e+03
1.068100040050049301e+03
6.504348845342921095e+02
3.512602328108989127e+02
2.385895561645719098e+01
2.558977332355808585e+02
2.082437843093637639e+03
1.712288282563606572e+03
1.140796627380693735e+03
7.191076868403433764e+02
1.210473801217215168e+02
9.220423636597681138e+01
3.245771254154974031e+03
2.722378214329141429e+03
1.934735507196974140e+03
1.352265401319339162e+03
4.157963434809730643e+02
6.476427488717079939e+01
1.067912074573399877e+03
8.129197977310702754e+02
4.424195968291911640e+02
2.027132973088048971e+02
3.482766664004967083e+01
4.272781835068353757e+02
1.446039439616819664e+03
1.130678495033729860e+03
6.699753163635341480e+02
3.584098353126260577e+02
3.179264091414349025e+01
2.714485509447645768e+02
1.933980967126026371e+03
1.545505449095924632e+03
9.783290498658888055e+02
5.844610257920646745e+02
7.987917751194740390e+01
1.491368451807438191e+02
2.543133043119173635e+03
2.068296912724710182e+03
1.378307715994504406e+03
8.923340397734550606e+02
1.930255906281032310e+02
7.684604549857249367e+01
3.281802945938263747e+03
2.707136017630047263e+03
1.878205809278969355e+03
1.291099392886113264e+03
3.829087757725466759e+02
6.885294333276343082e+01
4.159631226611968486e+03
3.471207851976618258e+03
2.486944605981332188e+03
1.789998861663955950e+03
6.602148750619436441e+02
1.372092492999422575e+02
5.189126000302029752e+03
4.372074863644839752e+03
3.215161780945057217e+03
2.399563533684842696e+03
1.036050958041767899e+03
2.934532856625594945e+02
6.399429837124709593e+03
5.435892552054480802e+03
4.085443237490171668e+03
3.140618644166136164e+03
1.528734484938310743e+03
5.532911849389498684e+02
2.527873828258371759e+03
2.035765694729827374e+03
1.335503183811837516e+03
8.534208051998521114e+02
1.786353606766479629e+02
8.998349084976921120e+01
3.024694600127669219e+03
2.464078918050554421e+03
1.667985755646708867e+03
1.115833506699064628e+03
2.960247067806749328e+02
7.000470970002382387e+01
3.584883394863703870e+03
2.949871839622514926e+03
2.050862298718944203e+03
1.424732160968262406e+03
4.539100364123247573e+02
8.521287756911971201e+01
4.211179838993024532e+03
3.495718337314581277e+03
2.486630390261298089e+03
1.782746352557001956e+03
6.554545690177239976e+02
1.392588315111181601e+02
4.909578678147613573e+03
4.106985987023606867e+03
2.979972456224332745e+03
2.194292573468054798e+03
9.048451829617019939e+02
2.360822274721152780e+02
5.692261702887369211e+03
4.794508990837030979e+03
3.540089590647316527e+03
2.667694910039874230e+03
1.209023662606848802e+03
3.812626280222410173e+02
6.579464453433976814e+03
5.576227325929872677e+03
4.182125859910913277e+03
3.216570776991900402e+03
1.579163533730329391e+03
5.835822692713403512e+02
7.609382153800056585e+03
6.486028057116610398e+03
4.934674513860682055e+03
3.866562030850608153e+03
2.036076757896904383e+03
8.591412945739521092e+02
3.608068010360781955e+03
2.958486089411594548e+03
2.046712182339941819e+03
1.417702900062577100e+03
4.504706099830908670e+02
8.767567631399930406e+01
4.080790662583300673e+03
3.370355395906739432e+03
2.374960908832296354e+03
1.686637177119889657e+03
5.997489902737971761e+02
1.241161824864090875e+02
4.597545315590005885e+03
3.822279892597358867e+03
2.738468500065254375e+03
1.988211908193683485e+03
7.776593192016954390e+02
1.855419673356783505e+02
5.163454014373004611e+03
4.318799120670593766e+03
3.141101258842877542e+03
2.325964117232828357e+03
9.872824826786117001e+02
2.745908824299951903e+02
5.787356819274805275e+03
4.867725610955005322e+03
3.589432056375798766e+03
2.705791798782524893e+03
1.233445662413313812e+03
3.950625493228104688e+02
6.484020558074775181e+03
5.482150458883303145e+03
4.094484427896918532e+03
3.137543048295020071e+03
1.524039836332659434e+03
5.529649384881188325e+02
7.276335814813126490e+03
6.182369489807488208e+03
4.673367070141719523e+03
3.636538559563985928e+03
1.871453214930007334e+03
7.578574383732016031e+02
8.204211473480378118e+03
7.003813156855927446e+03
5.356003250014730838e+03
4.229618304695010920e+03
2.297476559682229890e+03
1.026634399431882684e+03
4.799180404084593647e+03
3.986969142326946439e+03
2.859815364212373879e+03
2.085479765608752132e+03
8.367680186373556808e+02
2.113243449791676198e+02
5.203726448728257310e+03
4.342449010478097080e+03
3.148678600947560881e+03
2.328201330772870278e+03
9.882688393118032764e+02
2.769165581787473798e+02
5.643580084178896868e+03
4.729784109816877390e+03
3.465113952256085213e+03
2.596009706870319860e+03
1.160698416704873580e+03
3.595452495056372300e+02
6.125548412273305985e+03
5.155003080767419306e+03
3.814202155012485036e+03
2.893455430695632913e+03
1.357745210687821555e+03
4.620803647742454814e+02
6.659931727565661276e+03
5.627234062120290218e+03
4.203629549792323814e+03
3.227405021809871869e+03
1.584917585422344473e+03
5.887381619115261628e+02
7.262474824675148739e+03
6.160460777071266421e+03
4.645198999710418320e+03
3.608410514243158104e+03
1.850673814337843396e+03
7.459732704660713125e+02
7.956952957645964489e+03
6.775796661521953865e+03
5.156745974176604250e+03
4.052457347772137382e+03
2.167953513748966998e+03
9.437959764178383466e+02
8.783364273859971945e+03
7.508782386668252002e+03
5.768329147466010909e+03
4.586538083094734247e+03
2.558740674349736764e+03
1.199336722103284046e+03
5.398948714925160857e+03
4.508192585826061077e+03
3.277834478275348829e+03
2.435134752540793215e+03
1.056292340999473481e+03
3.095976277702501420e+02
5.762217441001848783e+03
4.828495444947011492e+03
3.540088659893657223e+03
2.657598264705864040e+03
1.200766738612987638e+03
3.806031587314550961e+02
6.159056654649967641e+03
5.178937152430252354e+03
3.828165344902510242e+03
2.903305636383593992e+03
1.364017939816802027e+03
4.661779898661807238e+02
6.596630067670776043e+03
5.565873264975260099e+03
4.147426728461962739e+03
3.177053265310613824e+03
1.549905623624607188e+03
5.692933169820420289e+02
7.085472970817447276e+03
5.998654337168468373e+03
4.505760054920785478e+03
3.485890044788943669e+03
1.764079670187394640e+03
6.942680760258676855e+02
7.641384946561598554e+03
6.491324055979524928e+03
4.915032563553342698e+03
3.840433463843844947e+03
2.015064457708903319e+03
8.476234706613123535e+02
8.288166583419906601e+03
7.065030555879695385e+03
5.393122114842926749e+03
4.256713342016778370e+03
2.315843477531379904e+03
1.039412322283020103e+03
9.065523884292273578e+03
7.755063602048244320e+03
5.969886880614761139e+03
4.761550348039614619e+03
2.688279842562379145e+03
1.286691050437144895e+03
5.753041799865518442e+03
4.816785681613311681e+03
3.526858261847425638e+03
2.645049140127401643e+03
1.192377024840822514e+03
3.768971199438603890e+02
6.091238151791705604e+03
5.115514995111803728e+03
3.772413565216024381e+03
2.854372862339207586e+03
1.331032521877272757e+03
4.489532291505940407e+02
6.462369563142247898e+03
5.443740964106531464e+03
4.043112017135983933e+03
3.086203310312390840e+03
1.487559770623538043e+03
5.345060052844529537e+02
6.873708058409275509e+03
5.807920686494368965e+03
4.344404645891031578e+03
3.345414825958099755e+03
1.665870211937633030e+03
6.365532407013830607e+02
7.335833749664529023e+03
6.217451012955456463e+03
4.684223743052937607e+03
3.639097487726674899e+03
1.871644144992059864e+03
7.594330326349116831e+02
7.864502276610828631e+03
6.686341298849631130e+03
5.074412845791837753e+03
3.977850338542012651e+03
2.113394532379365046e+03
9.096614372288452159e+02
8.483455877745922407e+03
7.235692551449053099e+03
5.532814555036666206e+03
4.377672864490469692e+03
2.404080190194731586e+03
1.097270520691554339e+03
9.232169601057656109e+03
7.900592581661326221e+03
6.089118918292755552e+03
4.865236950508519840e+03
2.765446900746649590e+03
1.339227874105650699e+03
2.286735510586517250e+01
1.675618319523793431e+01
7.052209280568533245e+01
2.119258611181034553e+02
9.461929535296776521e+02
2.219523360692697679e+03
3.322783407630328156e+01
1.578582385265138477e+01
4.701835664188625685e+01
1.660578604815909500e+02
8.451390173082128285e+02
2.064289104000265525e+03
4.919304983768561357e+01
2.068761993878270289e+01
2.991400189385372954e+01
1.271067369010229413e+02
7.522555763175763559e+02
1.918426558030657816e+03
7.470656284108756040e+01
3.347784125729124582e+01
1.738707448405220646e+01
8.943384597859352425e+01
6.524543798198463946e+02
1.757525616161014796e+03
1.189389829257945905e+02
6.116797598528059865e+01
1.214342724990648392e+01
5.145599929217584645e+01
5.335014835973541949e+02
1.558801978586532641e+03
1.837310350829201298e+02
1.073668737767567336e+02
2.131022991037107062e+01
2.379466736593760956e+01
4.146519504066254171e+02
1.350003503486979298e+03
2.786991637543334264e+02
1.809081526733842509e+02
5.216367358717545244e+01
1.218065740976503974e+01
2.978267083252329712e+02
1.129319616359504380e+03
4.142490627643600192e+02
2.916887478301025567e+02
1.135498421472778716e+02
2.436495891817729742e+01
1.878492797650652051e+02
8.983845084309119784e+02
3.126231260316952643e+01
1.556659129485548476e+01
5.027132386261614272e+01
1.727563593039328111e+02
8.603371768141425946e+02
2.087828803818007145e+03
4.705901257743125399e+01
1.983949042317552625e+01
3.162213265710814269e+01
1.313505325376091832e+02
7.627499879048126559e+02
1.935048924038265341e+03
7.201168139359756992e+01
3.197124578110488002e+01
1.824314739779741501e+01
9.263335357168207906e+01
6.614289881600687977e+02
1.772159156483436618e+03
1.136617398698899422e+02
5.765963243456340592e+01
1.216010097641382615e+01
5.497593123215125388e+01
5.456769895312108929e+02
1.579487911907754096e+03
1.773986750042377309e+02
1.027059112834369046e+02
2.000976138007514038e+01
2.584998067126242205e+01
4.250120587688892329e+02
1.368533319586632842e+03
2.745785257638117400e+02
1.774927631562674719e+02
5.036141823046011012e+01
1.208615407077040516e+01
3.019973556188748489e+02
1.137623416997217646e+03
4.255037427950070423e+02
3.003776728171784498e+02
1.184309563564652450e+02
2.617241451543963393e+01
1.826592661284492181e+02
8.863348729134713722e+02
6.972855836369969893e+02
5.294407078915795637e+02
2.683410675632070479e+02
1.006548793859190454e+02
7.311312671753999837e+01
5.950040781767182807e+02
5.801210203308884417e+01
2.463862948129304797e+01
2.480056680053137796e+01
1.132704975376613561e+02
7.169283226282814212e+02
1.861818856679075907e+03
9.583102944065392137e+01
4.575558843548946442e+01
1.365600652509627722e+01
7.056661762080088351e+01
5.965313934329260519e+02
1.664932460922238079e+03
1.621322606715777965e+02
9.007810965153024085e+01
1.665377803057210926e+01
3.376403986887804365e+01
4.622414526289604737e+02
1.434619941500337745e+03
2.814446428318662470e+02
1.783215118202392659e+02
4.893250823557356455e+01
1.360231538822745634e+01
3.150273240056469035e+02
1.162379777829647082e+03
4.951787771812556116e+02
3.461557544866164449e+02
1.390661084144841766e+02
3.412947445725244933e+01
1.703889531010707401e+02
8.557867021461216837e+02
8.792804758317543019e+02
6.588349477583336693e+02
3.393542453414910938e+02
1.397730209461119273e+02
5.880477565797947648e+01
5.327219414814906031e+02
1.545959049434165536e+03
1.213881490624604112e+03
7.308516374126885466e+02
4.032027565783498630e+02
4.139002784567585280e+01
2.448584907513160545e+02
2.633252624107464726e+03
2.133509827879421664e+03
1.418669085996768217e+03
9.221895136021365715e+02
2.092864499031179264e+02
7.902340826231971960e+01
6.871861805092167970e+02
4.774043567957862138e+02
2.040215951294856609e+02
6.312861824151286783e+01
1.379342532623052762e+02
7.669806937335189332e+02
1.024175339681044761e+03
7.474800790854247907e+02
3.760254678997911810e+02
1.582543104301538790e+02
6.447599153195861277e+01
5.314807106842254143e+02
1.470377297915602185e+03
1.112967533246320727e+03
6.264437345796534373e+02
3.215330745629171929e+02
4.144167588070680353e+01
3.304796570185879432e+02
2.037874126298237115e+03
1.585495246839717311e+03
9.667457004232376221e+02
5.649367608090307158e+02
8.291865929952503222e+01
1.802519319203345276e+02
2.733018920310973499e+03
2.171656624934415959e+03
1.404223230387089870e+03
8.968079837490996624e+02
2.003213539782729242e+02
9.518456108630086021e+01
3.562815341194873781e+03
2.878467118163475334e+03
1.946073614557708197e+03
1.324862126410158680e+03
4.030289727325277909e+02
8.612794704574810112e+01
4.536581912895062487e+03
3.714791164345660945e+03
2.600708039595720948e+03
1.857607847266660201e+03
7.003247859108840885e+02
1.628595649117635276e+02
5.679131979801618400e+03
4.702898687241174230e+03
3.387256665811347375e+03
2.512619214228808687e+03
1.107516431102377737e+03
3.381664344578439909e+02
2.047126915336572438e+03
1.573777650552570321e+03
9.411221625378701674e+02
5.413935698526155420e+02
8.039292689904763733e+01
2.014961777464458521e+02
2.516794045008398825e+03
1.968302856429136909e+03
1.232499511920693749e+03
7.591266924191413636e+02
1.482841276387927678e+02
1.280050530610803889e+02
3.046084055744200668e+03
2.416803748008935600e+03
1.571240993637878319e+03
1.020889324901996474e+03
2.557998790621605565e+02
9.036918612805793316e+01
3.637592451711632293e+03
2.921728905499773191e+03
1.959662939207976933e+03
1.329027665726152463e+03
4.055091479405846826e+02
9.130723097097521190e+01
4.295782694569566047e+03
3.487059325959085072e+03
2.401213056492584656e+03
1.686798496229948341e+03
6.005307350604906560e+02
1.337384800906016835e+02
5.031212473478672109e+03
4.122086260846435835e+03
2.903616212171500138e+03
2.101075375383206392e+03
8.463668892057368112e+02
2.217725375224270010e+02
5.861794220119080819e+03
4.842529388946503786e+03
3.479897176474709340e+03
2.583420603090365603e+03
1.152249184918406854e+03
3.623098960872071643e+02
6.821696734764978828e+03
5.678401546666846116e+03
4.154944258638633073e+03
3.155910266895854875e+03
1.535740242937796666e+03
5.684413504688161538e+02
3.080842224610851190e+03
2.434608629773656503e+03
1.573857997284322892e+03
1.019491250985151851e+03
2.561575940085248249e+02
9.477491752500137068e+01
3.528201990041866793e+03
2.816396133688532245e+03
1.866967687523649147e+03
1.251195149586940261e+03
3.663688403708036958e+02
9.087664395116104288e+01
4.015289156846701644e+03
3.234267726242296249e+03
2.191863766923047024e+03
1.512528618094080230e+03
5.033226251269650788e+02
1.111199680755289592e+02
4.547168349813827263e+03
3.692662356180514507e+03
2.552222476773656126e+03
1.806755593940330073e+03
6.696261287968540046e+02
1.574589900701501222e+02
5.131483124023701748e+03
4.198248892992203764e+03
2.953532094136170599e+03
2.138730365796870956e+03
8.691403078952223495e+02
2.327815908717481079e+02
5.781545377352995274e+03
4.762690824807345962e+03
3.405411627527372275e+03
2.516919797367207593e+03
1.108432840973771135e+03
3.418051036750949834e+02
6.517917357243474726e+03
5.404022703869164616e+03
3.922784770729629145e+03
2.954531118457133744e+03
1.397954168675933488e+03
4.922870728472652786e+02
7.376299971853763964e+03
6.153606354379786353e+03
4.531676078614934340e+03
3.474664950204683919e+03
1.756153036498984875e+03
6.981124800450127168e+02
4.217859666176871542e+03
3.396326757748842283e+03
2.306861498389097051e+03
1.601908335749308662e+03
5.528537263007797264e+02
1.257911268064192996e+02
4.597854190228119478e+03
3.724503616345225510e+03
2.565601217159927728e+03
1.813668147009693257e+03
6.736272165223342654e+02
1.611739951515489224e+02
5.009205961985173417e+03
4.080791833263185708e+03
2.848479862289477751e+03
2.047372216442127410e+03
8.128892316294117109e+02
2.117973041508488734e+02
5.458482484281240431e+03
4.470947532329279056e+03
3.160250336346994118e+03
2.307204687642355566e+03
9.738863662995726145e+02
2.800074662543200361e+02
5.954856098613368886e+03
4.903003951159775170e+03
3.507547103513757520e+03
2.599021759719404599e+03
1.161218624783997484e+03
3.691981821700554747e+02
6.512567840480963241e+03
5.389468750055770215e+03
3.900730300737692687e+03
2.931973702960459832e+03
1.382057203155057323e+03
4.846306434773296132e+02
7.152938601868827391e+03
5.949070520648961065e+03
4.355338151890218796e+03
3.319838167463663467e+03
1.647365072383473489e+03
6.345344832109475419e+02
7.911555413425264305e+03
6.613085166454158752e+03
4.897352587458863127e+03
3.785710597952383978e+03
1.975685109158258683e+03
8.329974013655378258e+02
4.786582380439892404e+03
3.881641730097723666e+03
2.683987908884398166e+03
1.909089295684496165e+03
7.297867951522932799e+02
1.817495337835948988e+02
5.126050833387953389e+03
4.176176848664320460e+03
2.918530737013141788e+03
2.103449481153644228e+03
8.470220484970753887e+02
2.265499747923865925e+02
5.495381676605464236e+03
4.497283251657580877e+03
3.175550923484454415e+03
2.317932104903647087e+03
9.804733397545642219e+02
2.838733184343706171e+02
5.901377611765226902e+03
4.850934857254015697e+03
3.459994988262876177e+03
2.556899544926588078e+03
1.133538022305215236e+03
3.561935194477179039e+02
6.353440706772629710e+03
5.245381438794104724e+03
3.778693168194468853e+03
2.826387655172174618e+03
1.310965429700186178e+03
4.470264318175269977e+02
6.865821868547379381e+03
5.693150239685990528e+03
4.142038353163046850e+03
3.135588828601717523e+03
1.519990142508783947e+03
5.617183606757499774e+02
7.459803609022135788e+03
6.212944120900718190e+03
4.565557737899363929e+03
3.498278627840805711e+03
1.771591782534529784e+03
7.085354370597036677e+02
8.170596839339806138e+03
6.835707817701600106e+03
5.074959279704823530e+03
3.937314623438793205e+03
2.084145597990571787e+03
9.014671442404230675e+02
5.120850931653925727e+03
4.167966698685036135e+03
2.908290299077794316e+03
2.093644308851913593e+03
8.409818345366307994e+02
2.247955852074917971e+02
5.435857033950335790e+03
4.441929394057465288e+03
3.127569073733401638e+03
2.276508135356441016e+03
9.543066925859592402e+02
2.727644117493371141e+02
5.780220473794912323e+03
4.741919763081746169e+03
3.368701793516380349e+03
2.478782640402547258e+03
1.082904396471692962e+03
3.320879803930642993e+02
6.160784125230225072e+03
5.073952047404599398e+03
3.636674286707830106e+03
2.704867725196238098e+03
1.230206240900091871e+03
4.052714507664545067e+02
6.586989293530170471e+03
5.446316492782014393e+03
3.938356600067469572e+03
2.960836802157093189e+03
1.400992781883573571e+03
4.958553470074165261e+02
7.073017379390519636e+03
5.871483054536582131e+03
4.284099147668732257e+03
3.255848860164581311e+03
1.602481943260375829e+03
6.091858718114742715e+02
7.640057821793388939e+03
6.368074733657452271e+03
4.689364732357592402e+03
3.603623477399943113e+03
1.845611965627764903e+03
7.535015656628729630e+02
8.323048033276500064e+03
6.966792572759315590e+03
5.179654861218519727e+03
4.026834026079181967e+03
2.148614366931470613e+03
9.426877950205555408e+02
4.240161600055744628e+01
7.987531764580388938e+01
2.202368894153182737e+02
4.474800941970585200e+02
1.393110092209622508e+03
2.873321242008002173e+03
2.857967408795320452e+01
5.356252049901387124e+01
1.690961103712964757e+02
3.717137363099698746e+02
1.256645320103130871e+03
2.677355945910454466e+03
2.222915034013946212e+01
3.472345650020508856e+01
1.254289353400817788e+02
3.034145170426282903e+02
1.127606588166304164e+03
2.488744030295291850e+03
2.385051164766900200e+01
2.263850631650046097e+01
8.608629373380888694e+01
2.370191230934483428e+02
9.944578336354059047e+02
2.290064178792126768e+03
3.822036885705940534e+01
1.989276176513269689e+01
4.928716458504013787e+01
1.664014950823176093e+02
8.403030690865450651e+02
2.053778879588839118e+03
7.085620867469882000e+01
3.327810574760322027e+01
2.435718289703847717e+01
1.034013748979896832e+02
6.831844696553966969e+02
1.804018661651428829e+03
1.288654222546761901e+02
6.957688139178259235e+01
1.743509369630955064e+01
5.352313766108041904e+01
5.270602672563005626e+02
1.543254794455633601e+03
2.215686789076373771e+02
1.374653943321226564e+02
3.587953423210886683e+01
2.277034490112953335e+01
3.743867022037483139e+02
1.270177517169790235e+03
3.026363053537683356e+01
5.720573298511881433e+01
1.766334673042063628e+02
3.831131667206615816e+02
1.277562991681977110e+03
2.707602703602901329e+03
2.262837270357839259e+01
3.670228092865953329e+01
1.305468066526626671e+02
3.116453975761830861e+02
1.143507429502249579e+03
2.512159509861892730e+03
2.329178730701503142e+01
2.346603845035840408e+01
8.966925606326830689e+01
2.433341778444392105e+02
1.007502531981574180e+03
2.309698947979080913e+03
3.607568202105354516e+01
1.958556123153225670e+01
5.263897695484841677e+01
1.733868831658299996e+02
8.562561588390672114e+02
2.078537008458116361e+03
6.712315316220481520e+01
3.139134055446816163e+01
2.617364645750432928e+01
1.089086380160063925e+02
6.978094121028095742e+02
1.827598505578268259e+03
1.262499604317188613e+02
6.769016883763522685e+01
1.719276274470603738e+01
5.500407427646179315e+01
5.328116737399575413e+02
1.553129227328865227e+03
2.301999601057565883e+02
1.435666329639064998e+02
3.819585255883161068e+01
2.197672933571131892e+01
3.663624798743404654e+02
1.254988230642557028e+03
4.399420191268880558e+02
3.101843102479940626e+02
1.249454103602112696e+02
3.257549859504931078e+01
1.910796639145975462e+02
8.962606289788063805e+02
2.188386362795774076e+01
2.989586170291636336e+01
1.121578206946241210e+02
2.819206799636839946e+02
1.085676437238233348e+03
2.426539293786785493e+03
2.960723090905596067e+01
1.985624432226241254e+01
6.764010453474548967e+01
2.035553749562209305e+02
9.238592768439953034e+02
2.182629897794680801e+03
6.016265160244843457e+01
2.760264414509027375e+01
3.226397148189803943e+01
1.264475798033238902e+02
7.442547298785348175e+02
1.902098790850439855e+03
1.357461192021662271e+02
7.126955767399724095e+01
1.821299467664114502e+01
5.805059253427906185e+01
5.437141554213906147e+02
1.571488975864888062e+03
2.985901748512137033e+02
1.866986563240840553e+02
5.336240949244832876e+01
2.105872606827877291e+01
3.349154931921461298e+02
1.194104807325320280e+03
6.276147043004663146e+02
4.410227110544727225e+02
1.906803251063432754e+02
5.991398475977547378e+01
1.472847670640946944e+02
7.858096157954596492e+02
1.243166996976301107e+03
9.384312264202833376e+02
5.162769370803832771e+02
2.515888861481932395e+02
4.535688437931820260e+01
4.009924906025235032e+02
2.294127748476729266e+03
1.811168798472123854e+03
1.144211615802555116e+03
7.023052796011278360e+02
1.283138713906233193e+02
1.341918575532718023e+02
4.834606920343297816e+02
3.071550013396709460e+02
1.028791372618422599e+02
3.031245136795671513e+01
2.699362277031805206e+02
1.058700587307852857e+03
7.907634256902382504e+02
5.427696118580408893e+02
2.342596134023922048e+02
8.043616160440103613e+01
1.421091706268535120e+02
7.598372022413254854e+02
1.210770833889014057e+03
8.765052892327423706e+02
4.460645850966566854e+02
2.006209235857560884e+02
6.707361886425887576e+01
4.984249397828237989e+02
1.755609253935865127e+03
1.320234095205977155e+03
7.501594221359374615e+02
4.032848272864765704e+02
5.939900668622395585e+01
2.912115246196804605e+02
2.430949142362269413e+03
1.880240485402306831e+03
1.153882219450754747e+03
6.969691442926201717e+02
1.308535651870822107e+02
1.530038926896276337e+02
3.241842197513976316e+03
2.562069955489344466e+03
1.663469926565349397e+03
1.088680904720359649e+03
2.904259737502912344e+02
9.445832826338957489e+01
4.195425829039873861e+03
3.372871606283903020e+03
2.286108960617843877e+03
1.585929346352119410e+03
5.466176594709950223e+02
1.246454617237421729e+02
5.313612486011686997e+03
4.332488166205120251e+03
3.039020061268955942e+03
2.204630294555817272e+03
9.133324815030616719e+02
2.550253992051207490e+02
1.780854546541057061e+03
1.322144058100115444e+03
7.357034449970487913e+02
3.894604996722764554e+02
6.329802583113699654e+01
3.153146811443492652e+02
2.237626875917736015e+03
1.699238111552600685e+03
1.004112151396130344e+03
5.809550152477692109e+02
9.927097649933701007e+01
2.047071063569483726e+02
2.753614238462305821e+03
2.130190364557455268e+03
1.320168918675341956e+03
8.171278993116308129e+02
1.764081024016119557e+02
1.323134071040539652e+02
3.330949652684193552e+03
2.617056675737958813e+03
1.685842579773305715e+03
1.099965840380901682e+03
2.968110167923631479e+02
1.002437107413103803e+02
3.973463603677414540e+03
3.163280380904970116e+03
2.104129548926434836e+03
1.432295642553637663e+03
4.631297949353809713e+02
1.108684994116440805e+02
4.690632992864210792e+03
3.777190799009762941e+03
2.581921901109841201e+03
1.820219538740764847e+03
6.801498931962044026e+02
1.675844936728643688e+02
5.499148634013050469e+03
4.473415970038287014e+03
3.131291834818684038e+03
2.274414623213119285e+03
9.562752326490498263e+02
2.764544587208070539e+02
6.430992247546629187e+03
5.280005273854934785e+03
3.775421440541445008e+03
2.815400167536934987e+03
1.307717019951976226e+03
4.493144264827490133e+02
2.796168692642232600e+03
2.154335341546594009e+03
1.327549623968625383e+03
8.196302668388896109e+02
1.789716819417309637e+02
1.371571834460908690e+02
3.233011413550683301e+03
2.522640288583267193e+03
1.603539791600885792e+03
1.032205893633528603e+03
2.668947624739051889e+02
1.080722160795473030e+02
3.708090039237437395e+03
2.925860704549756065e+03
1.910559458670222739e+03
1.273959347921527296e+03
3.817385868170118783e+02
1.038474127614192497e+02
4.226274470260213093e+03
3.368246283967540421e+03
2.252082899829951657e+03
1.547926613577382795e+03
5.257951964511081542e+02
1.260180696002635443e+02
4.794789303149533225e+03
3.856085003160033466e+03
2.633248931058325979e+03
1.858619021983502080e+03
7.025588283990148284e+02
1.770559727015291287e+02
5.426109288674577328e+03
4.400275222155873053e+03
3.062991206911940935e+03
2.213862100802411987e+03
9.180105049386947940e+02
2.611092010932329686e+02
6.139686823127675780e+03
5.017844069595201290e+03
3.555338878199039300e+03
2.626032637930820329e+03
1.181852907477478084e+03
3.852133218378164656e+02
6.969066874386411655e+03
5.738204099543119810e+03
4.134609805714650975e+03
3.116676075244428375e+03
1.511216800499798410e+03
5.620742866359342997e+02
3.913796662134839607e+03
3.089023077467375515e+03
2.024304727203620132e+03
1.360845693699490994e+03
4.266845545357200535e+02
1.118147634285337375e+02
4.283676992719829286e+03
3.405584545794239602e+03
2.269562124275860697e+03
1.558187110677151168e+03
5.317738967819187792e+02
1.302837011966270211e+02
4.683284615170528923e+03
3.748832036824667739e+03
2.537792241602296144e+03
1.776492200223901364e+03
6.547320976162931174e+02
1.636637937943133920e+02
5.119014110671499111e+03
4.124353974241888864e+03
2.833575808361888448e+03
2.019764010432688792e+03
7.985913246580757914e+02
2.140409421951999036e+02
5.599633131004960887e+03
4.539812388572354394e+03
3.163208841991906411e+03
2.293535928407710799e+03
9.676421438228996976e+02
2.844910382339995749e+02
6.138599442605802324e+03
5.006997841561966197e+03
3.536409903964469777e+03
2.606363956664216403e+03
1.168535010162609979e+03
3.797944960443167588e+02
6.756101881998888530e+03
5.543608561844309406e+03
3.967803031076079606e+03
2.971183816201784339e+03
1.411502892153203220e+03
5.075101024783083972e+02
7.485536640834868194e+03
6.178932839127473926e+03
4.481624606877236147e+03
3.409501760766579082e+03
1.713761043315092138e+03
6.805674330275212469e+02
4.470921442455961369e+03
3.560119061496803624e+03
2.384019445078795798e+03
1.649020763946153238e+03
5.823511052615705239e+02
1.442430238603453461e+02
4.800435179965540556e+03
3.843743415061033375e+03
2.606449579762979283e+03
1.830718710889787644e+03
6.862965756976963121e+02
1.750798344121100456e+02
5.158236710406521524e+03
4.152515690402750806e+03
2.850125049822885558e+03
2.031446129730185021e+03
8.056337032417475257e+02
2.178240750857443118e+02
5.550922830555547989e+03
4.492214920100804193e+03
3.119802975781351961e+03
2.255375612535064192e+03
9.435592431754876088e+02
2.747250675918412526e+02
5.987469308086009733e+03
4.870700159482686104e+03
3.421960124337734214e+03
2.508210928071171566e+03
1.104518008056373219e+03
3.490005310863398904e+02
6.481344030126566395e+03
5.299781846456619860e+03
3.766349199335495086e+03
2.798553455066337847e+03
1.295234128870646373e+03
4.455345375005317123e+02
7.052673020425735558e+03
5.797108813191505760e+03
4.167562176546463888e+03
3.139319177222144390e+03
1.525950093354073942e+03
5.719271437022483724e+02
7.734457529606684147e+03
6.391617026546299712e+03
4.649539074390138921e+03
3.551755077001562313e+03
1.813699115924383250e+03
7.410048673609147727e+02
4.797538911510549951e+03
3.837581408001357431e+03
2.597974793282321571e+03
1.822532053883827757e+03
6.816010788591421488e+02
1.743783745632181876e+02
5.102746756185880258e+03
4.101051747767899542e+03
2.805880864411856237e+03
1.993656984083867883e+03
7.828526468236832443e+02
2.098555108385663743e+02
5.435776604131368913e+03
4.389140923979752188e+03
3.034391623688760774e+03
2.183060907476136890e+03
8.984733103532522591e+02
2.559572257701856017e+02
5.803243025616529849e+03
4.707648823181613807e+03
3.288289315153095231e+03
2.394944375037485315e+03
1.031694939137877100e+03
3.149755549737493538e+02
6.214146863036250579e+03
5.064461972962088112e+03
3.574079660115476145e+03
2.635040376398955686e+03
1.186991345217971229e+03
3.901578378987296674e+02
6.681884192315729706e+03
5.471330993800504984e+03
3.901470913870151890e+03
2.911915573964553460e+03
1.371072174243212430e+03
4.863933775269455850e+02
7.226473516663121700e+03
5.945810486090847917e+03
4.284977013612100563e+03
3.238417906719054827e+03
1.594130912375478829e+03
6.112529618119390307e+02
7.880632839342543775e+03
6.516581211455260018e+03
4.748318786587715294e+03
3.635597467738611613e+03
1.873047055559010460e+03
7.774533097505780006e+02
1.459619602029666510e+02
2.251492942859194955e+02
4.483584705069625898e+02
7.576866124550884933e+02
1.905273423106204746e+03
3.582944868162100647e+03
1.050087848439931548e+02
1.709600325987097449e+02
3.678694335749959237e+02
6.511244848769907776e+02
1.734495702141793117e+03
3.349286782878688427e+03
7.202650942245571741e+01
1.244574654736029800e+02
2.944971025751783031e+02
5.511071757544079901e+02
1.568826752209543656e+03
3.119295057414966323e+03
4.669913150453989914e+01
8.472434698620946847e+01
2.261287206014768003e+02
4.543358536611933687e+02
1.402042237693990046e+03
2.883875705119646227e+03
2.910404441716700319e+01
4.921322104373805928e+01
1.549892021340895951e+02
3.478366347338925380e+02
1.208295460244875585e+03
2.604480906225294348e+03
2.757749563724902586e+01
2.790447854491490887e+01
9.432954761365522245e+01
2.481077832990934553e+02
1.012103688002003310e+03
2.313511157070357967e+03
4.809280565977272914e+01
2.629245811985408920e+01
4.869345894339754466e+01
1.587521653382533486e+02
8.147610709247564955e+02
2.010014268336682562e+03
9.849402780522046896e+01
5.180078419959991010e+01
2.463993557199288631e+01
8.543385133983490221e+01
6.195649975407773127e+02
1.694745382720401039e+03
1.109320589562693726e+02
1.789838719642933142e+02
3.800672647338332126e+02
6.674605616804707324e+02
1.761024744210756580e+03
3.385798600422994696e+03
7.581885511038419168e+01
1.300124679762265600e+02
3.035544154601385571e+02
5.636368625426720200e+02
1.589909224169658955e+03
3.148753665091934636e+03
4.884149371205374024e+01
8.834572734502833669e+01
2.326886025714769346e+02
4.638082384350200300e+02
1.418684440953690682e+03
2.907534016289273950e+03
3.032567929031296217e+01
5.241440269005228458e+01
1.621294653051190551e+02
3.588862850018702488e+02
1.228986618401629812e+03
2.634631901190116423e+03
2.699025012450026750e+01
2.928808780382453492e+01
9.965566012017937680e+01
2.573549090300062971e+02
1.031020268685897918e+03
2.341911458044081428e+03
4.688591837311914645e+01
2.587987930023071215e+01
5.002451200403966425e+01
1.618803186155780054e+02
8.223031215906087255e+02
2.021812875582450488e+03
1.047678559631388566e+02
5.541711605211953895e+01
2.408958781376063385e+01
8.128398142608637045e+01
6.067750280985610516e+02
1.673327588116968627e+03
2.556018969845769959e+02
1.621207292997134175e+02
4.876158573640677929e+01
2.747791957486266057e+01
3.610691108905819533e+02
1.238383087856991324e+03
6.249872008419253433e+01
1.106839750660739128e+02
2.725182119781851497e+02
5.209688059276536478e+02
1.518155078123124895e+03
3.048204399582448787e+03
3.580727198783944942e+01
6.543554365218824387e+01
1.910082113440590774e+02
4.036867513580989453e+02
1.312468496228661252e+03
2.755576964679063622e+03
2.653059192459230431e+01
3.268471708763259898e+01
1.134804326114912385e+02
2.825142304771470663e+02
1.083669288535572150e+03
2.420775220878460004e+03
5.464369244197899889e+01
2.804216110568063769e+01
4.906884666037117171e+01
1.613439772656845719e+02
8.237367861975501455e+02
2.024150932239279882e+03
1.637349530827054878e+02
8.814184533397256871e+01
2.571755686415133368e+01
6.241108148702159042e+01
5.437194283176463614e+02
1.566232218353402914e+03
4.389504706024210350e+02
2.849802409503088256e+02
9.954792401533110535e+01
3.218960920139338810e+01
2.729132823196065374e+02
1.060737236326565153e+03
1.014046671494632164e+03
7.346977068038279413e+02
3.669269383481885711e+02
1.570546913791079646e+02
8.416463535397194562e+01
5.694857877180113519e+02
2.052082926693121408e+03
1.583706880090919185e+03
9.559266430083292789e+02
5.572960609862573165e+02
9.129883022622746580e+01
2.021960184947652692e+02
3.364545703394624070e+02
1.925798259056370796e+02
5.289880068164724491e+01
4.253435108756301730e+01
4.297327773874393415e+02
1.360664265961088859e+03
6.167906383823112719e+02
3.962949583313308040e+02
1.454126423194711037e+02
4.834714700571574042e+01
2.453673161245530991e+02
9.934471857846544935e+02
1.017638053360014851e+03
7.051368126440113429e+02
3.244378013874078874e+02
1.299037965445428711e+02
1.191311346553083865e+02
6.688048630406567554e+02
1.551519607475071780e+03
1.131689921056021149e+03
6.028580287024366271e+02
3.007865481928283202e+02
6.695074142830472397e+01
4.049593216202913482e+02
2.223051746271095453e+03
1.681746994335877162e+03
9.881502633913661384e+02
5.700201479645643303e+02
1.015873474778140064e+02
2.180841710087905767e+02
3.035373797238178668e+03
2.359526664958217680e+03
1.485878712528861115e+03
9.442671784955923613e+02
2.320728607711050415e+02
1.190998889678666188e+02
3.992701454326436306e+03
3.169909200031096134e+03
2.101735377438429623e+03
1.429952055050453964e+03
4.663294232860317265e+02
1.168010427037966821e+02
5.113678434513117281e+03
4.130100992886336826e+03
2.851066640154514971e+03
2.041509214936643730e+03
8.171889211357062095e+02
2.217396836305628938e+02
1.593133642897567825e+03
1.147620932294453496e+03
5.995028524013898732e+02
2.959301700453175954e+02
7.471334311778882409e+01
4.276214799789623839e+02
2.046700017166174348e+03
1.517303084086444642e+03
8.546540539560490970e+02
4.700560752176514825e+02
8.504038407934226029e+01
2.835115805428078488e+02
2.561423474160120804e+03
1.943179248700883136e+03
1.160245172170134083e+03
6.919638272276662292e+02
1.402459000755095531e+02
1.818229001271325558e+02
3.138902103787220767e+03
2.426875390123920170e+03
1.517920791768074878e+03
9.633468918752002992e+02
2.421045878586316178e+02
1.242580567864469003e+02
3.782081498346872195e+03
2.971110652020977795e+03
1.930141796361742536e+03
1.286589394403475808e+03
3.929099609497535539e+02
1.128572970297447284e+02
4.499592198487429414e+03
3.583524099438737267e+03
2.403286041849634330e+03
1.667356640987835817e+03
5.970481647268389906e+02
1.505842169894735605e+02
5.306905811235094006e+03
4.277753018198858626e+03
2.948708196717445389e+03
2.115747241699680217e+03
8.624757501508335054e+02
2.430838075362149482e+02
6.234429810716375869e+03
5.080597089903071719e+03
3.588729078231500353e+03
2.651617988414092906e+03
1.204921539796166599e+03
4.017291443922163694e+02
2.613015765442658903e+03
1.975014291740469616e+03
1.173564867276922541e+03
6.991777343115004442e+02
1.447962069147106376e+02
1.858721745793471882e+02
3.049410648350064548e+03
2.340444634782990761e+03
1.443109406870287785e+03
9.027527744893596946e+02
2.185237633885716093e+02
1.375143883026958633e+02
3.524143408191049730e+03
2.741278411838516149e+03
1.744624771452904952e+03
1.136720919475901610e+03
3.208264023004129513e+02
1.159819110117272629e+02
4.041905842017026771e+03
3.181621504882096815e+03
2.081469786359194586e+03
1.404002099812030110e+03
4.538278914434430362e+02
1.225627281653041933e+02
4.609455067182113453e+03
3.667382857892617722e+03
2.458505979914435557e+03
1.708878357372674373e+03
6.208290510043324275e+02
1.595313237191298299e+02
5.238767283532934925e+03
4.209071754493979824e+03
2.884399663494201377e+03
2.058962245337356762e+03
8.276231929636120412e+02
2.308166208203116980e+02
5.948431727061019956e+03
4.823039756044438036e+03
3.372725048145480741e+03
2.466288193936474272e+03
1.083677164173882147e+03
3.432362754710935633e+02
6.770686900977713776e+03
5.537692756067421215e+03
3.947149532333091884e+03
2.951936534746240341e+03
1.405834541033081223e+03
5.092375661389273205e+02
3.738046507712279890e+03
2.911052781805306950e+03
1.862697760679784551e+03
1.226283713424845928e+03
3.648453356491824024e+02
1.193044313361350532e+02
4.106858162568217267e+03
3.225608313866808658e+03
2.104341456504386315e+03
1.418759791504099894e+03
4.623089267476185000e+02
1.272386270197620064e+02
4.504968546000267452e+03
3.566668595689187441e+03
2.369062264151434647e+03
1.632462719469545164e+03
5.781114800925004147e+02
1.506602628754077671e+02
4.938692894572432124e+03
3.939773652977284200e+03
2.661421030326470827e+03
1.871381774396058745e+03
7.152487336314860613e+02
1.915736516368787363e+02
5.416485591802722411e+03
4.352346485970901995e+03
2.987558231541966506e+03
2.140936193853385703e+03
8.779318240505043605e+02
2.529749367581021318e+02
5.951409481155728827e+03
4.815885856592078198e+03
3.357016529524923044e+03
2.449560917322929527e+03
1.072729226435698820e+03
3.395492413113537395e+02
6.562922556883672769e+03
5.347534328725473642e+03
3.784069260814447716e+03
2.809947009665516362e+03
1.309734104144452431e+03
4.587366431035388246e+02
7.283213068563863089e+03
5.975660858004122019e+03
4.292376807053481571e+03
3.243205760291014485e+03
1.605949441386223270e+03
6.232936213300341706e+02
4.297410890465327611e+03
3.382704109474132565e+03
2.220170263951654306e+03
1.510058283899179969e+03
5.112982044005692615e+02
1.374159225344367314e+02
4.625262633152978196e+03
3.664240484172350989e+03
2.439604162221976821e+03
1.687975352551774222e+03
6.095680705140052851e+02
1.604476703595988738e+02
4.980918775616030871e+03
3.970633581253551256e+03
2.680208959355903062e+03
1.884961931324383386e+03
7.233961932045383492e+02
1.955920909303131907e+02
5.370891983371805509e+03
4.307612472626200542e+03
2.946725981803650029e+03
2.105186380100537917e+03
8.559661948900991320e+02
2.450541336715633065e+02
5.803871092802573912e+03
4.682821127225716737e+03
3.245498164142892165e+03
2.354258912250748836e+03
1.011665339907445855e+03
3.119960817878638863e+02
6.292941841627707618e+03
5.107789587399387528e+03
3.586112835564903889e+03
2.640671797501612673e+03
1.197153275956759217e+03
4.012308468133824704e+02
6.857529090336178342e+03
5.599636062470470279e+03
3.982830666033730267e+03
2.977113317354369883e+03
1.422548681211107350e+03
5.202562291507347254e+02
7.529449721453438542e+03
6.186394829555287288e+03
4.459026848627498111e+03
3.384444130156276970e+03
1.704681063010764774e+03
6.817377264623072506e+02
4.624652277032149868e+03
3.660157695158886781e+03
2.432927498783034025e+03
1.681390991075094007e+03
6.060415878319072363e+02
1.604618081906873215e+02
4.927877069947494419e+03
3.921453207742416453e+03
2.638078880397909870e+03
1.849198454385272044e+03
7.024948381815846687e+02
1.893889276615496158e+02
5.258429850971303495e+03
4.207041030778057575e+03
2.863694457881648304e+03
2.035239120148912662e+03
8.133637823825454234e+02
2.289977922613969668e+02
5.622832595895642044e+03
4.522664387953728692e+03
3.114536272469218147e+03
2.243707677983801204e+03
9.418716042782452860e+02
2.815467014481806132e+02
6.029808317632786384e+03
4.876002207778597949e+03
3.396982519693465292e+03
2.480249119139069990e+03
1.092440631792475870e+03
3.502343035287382236e+02
6.492373827134739258e+03
5.278526634751785423e+03
3.720577008167200347e+03
2.753322363675561064e+03
1.271719216214877406e+03
4.398849764803943003e+02
7.029859163766325764e+03
5.747270868766521744e+03
4.099508501283139594e+03
3.075552021592537130e+03
1.489780353455292243e+03
5.579705330480952625e+02
7.673808481002325607e+03
6.310021224942430308e+03
4.556935243838793212e+03
3.467602188307815595e+03
1.763299488788037479e+03
7.170471906837461802e+02
3.431589213704592112e+02
4.655937163040544533e+02
7.746601253857857046e+02
1.169007621202083556e+03
2.525573342174736808e+03
4.407307054021980548e+03
2.728910804472305927e+02
3.818755582363472172e+02
6.642246564126489830e+02
1.032095392323576334e+03
2.323493687861192484e+03
4.141470281218405944e+03
2.097893256337611092e+02
3.048586599075960066e+02
5.595623176365789959e+02
9.000306723592627804e+02
2.123959085129034520e+03
3.875894601362029789e+03
1.520046427344652784e+02
2.318862454406392146e+02
4.564078031969129370e+02
7.669487103260266849e+02
1.917145391201657503e+03
3.596850907041015489e+03
9.523744812537810844e+01
1.559290837731201691e+02
3.423019812656748400e+02
6.149985600824624044e+02
1.671885707660480421e+03
3.260082749975660590e+03
5.478384182541152114e+01
9.519469124370476720e+01
2.412451431744326555e+02
4.739345980837702541e+02
1.432154487082512787e+03
2.923558540647737573e+03
3.343672550479902839e+01
5.184798373538748706e+01
1.541529424438271860e+02
3.434316016250863299e+02
1.194561380969678339e+03
2.580874740692337127e+03
3.735916482531970217e+01
3.070852531952188258e+01
8.315216038252444264e+01
2.229165156853247822e+02
9.517553367323573639e+02
2.217867522086881763e+03
2.831780346947209637e+02
3.942479198949024521e+02
6.807393554278231704e+02
1.052715200269528395e+03
2.354217451061524116e+03
4.182079849042133901e+03
2.171241902846352616e+02
3.139306994160613726e+02
5.720849245450509670e+02
9.159726561248600092e+02
2.148316955820977910e+03
3.908486023543006468e+03
1.573543756983273170e+02
2.387843060638990096e+02
4.663821591702171077e+02
7.799721199363933692e+02
1.937676363969738077e+03
3.624731793125288277e+03
1.010664703377422882e+02
1.640624070727635626e+02
3.550179149016213387e+02
6.322609977815991442e+02
1.700360044116809831e+03
3.299559546984576627e+03
5.803652417812798348e+01
1.005527575535504923e+02
2.508013852626081643e+02
4.876562026833147456e+02
1.456130838746580594e+03
2.957582641021009294e+03
3.364875378915542825e+01
5.269866787077339154e+01
1.563854309020280482e+02
3.470630544368449364e+02
1.201568708470615093e+03
2.591110375964512059e+03
3.982574908510820677e+01
3.018113598856458069e+01
7.756059381784203310e+01
2.126572219701970710e+02
9.299363781269466926e+02
2.184465868717628382e+03
1.239769666505809056e+02
6.847187060428616689e+01
2.994900152484298772e+01
8.236326009385859948e+01
5.968629829877099837e+02
1.651553221915510449e+03
1.875004233622787808e+02
2.781622508370230094e+02
5.239847512287244626e+02
8.553671270461506992e+02
2.056106522412115282e+03
3.784924035219238249e+03
1.195914514018995618e+02
1.912169973248085455e+02
3.994917619417778951e+02
6.935828611026008730e+02
1.801839086038468167e+03
3.439678804892688277e+03
6.164792650457536638e+01
1.091677075919926381e+02
2.708524947778223577e+02
5.190717162800237929e+02
1.513575975923732813e+03
3.039284377221677914e+03
3.175146989708327183e+01
4.558227008029771099e+01
1.449270771846205434e+02
3.332209156796664047e+02
1.180153853316217237e+03
2.560304344897914234e+03
7.593727388297175196e+01
3.900615981616859074e+01
5.096380931616646137e+01
1.591882235418504195e+02
8.127773223401782161e+02
2.002696753649905986e+03
2.882586798996567836e+02
1.685739563609147638e+02
4.988479342737858246e+01
4.663654673139996731e+01
4.407530861539238458e+02
1.377245299229677130e+03
8.232536011172675217e+02
5.693634346775364747e+02
2.545924631326987537e+02
9.703542723643359125e+01
1.497395033649467564e+02
7.566242921347779884e+02
1.861625131019246282e+03
1.406509386689016537e+03
8.131491670694467757e+02
4.517391946306582327e+02
7.734253646855917452e+01
2.768826273849551853e+02
2.246652354831153673e+02
1.146020723822917375e+02
4.041941576357036325e+01
9.173276739864849105e+01
6.231208907384825579e+02
1.692209627966211883e+03
4.765239797530462624e+02
2.841139117645435590e+02
9.021331674106728826e+01
4.790613357847428944e+01
3.734353620607072344e+02
1.244585771878201513e+03
8.615026858635010285e+02
5.703711667678962840e+02
2.368032126102123414e+02
8.931151797477839693e+01
1.901434835848687044e+02
8.467618942610782824e+02
1.392324114237963840e+03
9.867424785870181267e+02
4.945570598242404117e+02
2.314560965452574521e+02
9.189010914878301151e+01
5.203475231646547172e+02
2.071638565196053605e+03
1.537872244174931666e+03
8.707983722844135173e+02
4.838031847672952495e+02
9.283017826011368356e+01
2.836711794755640312e+02
2.900075608418098909e+03
2.226167557503967146e+03
1.370087899047098745e+03
8.524163508157575961e+02
2.018432263072872104e+02
1.477381172892784491e+02
3.878563011608327997e+03
3.053930556638580583e+03
1.996410748597030306e+03
1.342469724356404413e+03
4.261165690834823181e+02
1.208882196318468232e+02
5.021862631393380980e+03
4.035159830982135645e+03
2.762791320400373479e+03
1.966567181366792738e+03
7.772232222251415124e+02
2.127171222599680220e+02
1.451910995487687387e+03
1.017975552147896224e+03
5.027508248529396155e+02
2.351579310679905461e+02
1.011173124425982337e+02
5.373292310261697367e+02
1.909625338285243743e+03
1.387358971843017343e+03
7.508567192251459801e+02
3.970634165490633336e+02
8.829761392207031179e+01
3.596697959816136176e+02
2.432579659126019124e+03
1.817482635423744341e+03
1.054441050096493882e+03
6.120606109079462840e+02
1.260754343392609229e+02
2.304115344920534199e+02
3.021266826618073537e+03
2.309066359516651573e+03
1.414499893381313996e+03
8.813448983587625207e+02
2.159361604385964029e+02
1.511119810688830967e+02
3.677282667245533958e+03
2.863705846478143030e+03
1.832659875677215950e+03
1.206628759911711313e+03
3.597149995723369784e+02
1.234928632704007043e+02
4.408524893771815186e+03
3.488463373609787595e+03
2.314897948143336635e+03
1.593240969260557904e+03
5.614379983130806977e+02
1.500568303335408586e+02
5.229611972471904664e+03
4.196349863931789514e+03
2.872212228051006150e+03
2.051044613928699164e+03
8.288789678449002167e+02
2.362086451477327955e+02
6.169896520808530113e+03
5.013437692501662241e+03
3.526604501200994036e+03
2.599780693078621880e+03
1.177794598135871411e+03
3.933204243194450669e+02
2.495129846802603879e+03
1.858828257982086825e+03
1.075125947598661924e+03
6.249553232703320873e+02
1.324832650113386308e+02
2.325051006604342660e+02
2.938907439782357415e+03
2.229307625002385976e+03
1.345792383600198946e+03
8.264439335540732827e+02
1.970584424173298430e+02
1.680448403414609686e+02
3.422400598662033190e+03
2.636992367680237294e+03
1.650712165293692806e+03
1.060861298092120705e+03
2.930540329781776450e+02
1.334113441664070479e+02
3.949804168141097307e+03
3.085584178127265659e+03
1.992957942651955136e+03
1.330906664304253354e+03
4.224517462193682604e+02
1.297936026321100940e+02
4.527240530392500659e+03
3.580486488887829637e+03
2.377045428979206008e+03
1.640601332659722857e+03
5.883871345219774867e+02
1.593484399297790901e+02
5.166468020837115546e+03
4.132104402041893991e+03
2.811658128596605820e+03
1.997615249410258457e+03
7.966774045321276390e+02
2.259329563416219457e+02
5.885704760329026612e+03
4.756611112887629133e+03
3.310414728097986881e+03
2.414124668396103061e+03
1.056963524667421780e+03
3.364734761722377243e+02
6.716624910557382464e+03
5.482154790306452014e+03
3.897095895067896890e+03
2.911502392961142505e+03
1.386492897929374294e+03
5.037668802877261669e+02
3.649518157637789500e+03
2.818477419182097492e+03
1.777917621545546808e+03
1.157371213733606737e+03
3.389163587927480421e+02
1.333721850585801008e+02
4.024132379804358152e+03
3.138123629224661272e+03
2.023004401228895631e+03
1.351679699277215150e+03
4.342048839120189996e+02
1.349125058080328472e+02
4.428512943478273883e+03
3.485006807835387008e+03
2.292193271355724391e+03
1.568375321746219697e+03
5.490883137817941133e+02
1.531749233095806346e+02
4.868766815412701362e+03
3.864527852975436872e+03
2.589988419771420467e+03
1.811433527891781068e+03
6.865915081037786649e+02
1.902066753805977726e+02
5.353038779429311035e+03
4.283902813891945698e+03
2.922445644839403030e+03
2.086249793417053752e+03
8.509602269404514345e+02
2.490558808871730321e+02
5.894331245459903585e+03
4.754681272561108926e+03
3.299278809391707910e+03
2.401475925456468303e+03
1.048969350082605160e+03
3.345442859009936001e+02
6.511903845128123066e+03
5.293992819364903880e+03
3.734961126280066310e+03
2.770097009200184402e+03
1.291043643121955711e+03
4.543859763923717878e+02
7.237590254529181948e+03
5.930149788236822133e+03
4.253451938840245930e+03
3.213693157479547153e+03
1.594754138285556337e+03
6.218430732055987846e+02
4.222263944439838269e+03
3.302160570426397953e+03
2.144466778640723533e+03
1.447384458469987749e+03
4.845528146307325414e+02
1.432363287862696666e+02
4.554662394826777017e+03
3.588053072233967669e+03
2.367385881164707371e+03
1.627739119920102439e+03
5.823499109846031843e+02
1.625748311915003796e+02
4.915185049835306017e+03
3.899328722358925006e+03
2.612222892153412431e+03
1.828001049423875884e+03
6.965645338766238410e+02
1.948047780101387900e+02
5.310199175065774398e+03
4.241635905075739174e+03
2.883714340613310924e+03
2.052371876001485361e+03
8.304477714728701585e+02
2.422050318019226154e+02
5.748164395767545102e+03
4.622484433604130572e+03
3.188181064870399041e+03
2.306494620967465380e+03
9.884679587483217347e+02
3.080274106072973268e+02
6.242125657067039356e+03
5.053474780493085746e+03
3.535402206162366383e+03
2.599101351801301462e+03
1.177523207857188027e+03
3.972630289208236718e+02
6.811345589860472501e+03
5.551744207234643909e+03
3.939866215145493697e+03
2.943201261523130597e+03
1.408091543743941429e+03
5.177145197482350341e+02
7.487342515783579984e+03
6.145321095767130828e+03
4.425290145582652258e+03
3.360162097939996784e+03
1.697603670911414611e+03
6.825819210443086149e+02
4.556724781104868271e+03
3.586430795180214773e+03
2.362828569168371814e+03
1.622996873217756274e+03
5.800256755064956451e+02
1.631374843162186039e+02
4.863771096841027429e+03
3.851586859812716284e+03
2.571325881683890202e+03
1.793368546895195550e+03
6.766621781506088382e+02
1.895169132641534873e+02
5.198414442265504476e+03
4.141486119465750562e+03
2.800927807208911872e+03
1.982685720834356744e+03
7.884175586419893307e+02
2.271770562025525919e+02
5.567056978200071171e+03
4.461813942212106667e+03
3.056410880614595953e+03
2.195192726770384070e+03
9.185946463594318629e+02
2.784586828514470085e+02
5.978227057047828566e+03
4.820145772188128831e+03
3.344156082603258710e+03
2.436589469107369496e+03
1.071713077219478919e+03
3.466612807733311570e+02
6.444904901260093538e+03
5.228027430852733232e+03
3.673902396496718211e+03
2.715578700887180275e+03
1.254667673119862457e+03
4.367997362458181669e+02
6.986272838542006866e+03
5.702523015840348307e+03
4.060074780962351724e+03
3.045113210312640149e+03
1.477898224813920933e+03
5.566586763263726425e+02
7.633601782638424993e+03
6.271434235803682895e+03
4.526189910260770375e+03
3.446377833040212863e+03
1.758690970873989727e+03
7.193364398240678383e+02
6.025001763837651652e+02
7.641990159258666608e+02
1.151206419389951407e+03
1.622724800114125628e+03
3.168945612314478240e+03
5.235843966679224650e+03
5.130513719694399697e+02
6.624111197365627959e+02
1.024920277774803708e+03
1.472176274020077699e+03
2.958744353358795706e+03
4.967367653302601866e+03
4.253706171374984706e+02
5.613791588141440343e+02
8.973712579967115062e+02
1.318353775416858525e+03
2.740274256741043700e+03
4.685675243959519321e+03
3.256117476917970635e+02
4.442773657990119887e+02
7.457920951155506373e+02
1.132570910452441922e+03
2.470147112285073490e+03
4.332805990223376284e+03
2.278195717009989778e+02
3.262342290031069751e+02
5.874979525547720414e+02
9.343554090820978217e+02
2.173533736547165972e+03
3.939733461341255861e+03
1.504060765506119708e+02
2.286397992418162630e+02
4.497936248075704952e+02
7.568729955899048036e+02
1.898023687500649203e+03
3.568156687918372427e+03
9.091226271118759428e+01
1.480485970584508948e+02
3.272697978991631089e+02
5.927621209402029763e+02
1.631425045861871013e+03
3.201122579241967287e+03
4.818613359255111561e+01
7.985585384145551302e+01
2.084420586119202312e+02
4.236927373120819880e+02
1.338441121274212719e+03
2.786576048583375723e+03
5.240117551962266589e+02
6.749340429583749028e+02
1.040542270510248727e+03
1.490863172404463967e+03
2.984948439549838895e+03
5.000889479529968412e+03
4.340835758448126285e+02
5.714819122130838878e+02
9.102320098048528507e+02
1.333943910236485863e+03
2.762566966588234209e+03
4.714504562775766317e+03
3.367266804685477837e+02
4.574835198328326555e+02
7.631582563671553316e+02
1.154067728614696989e+03
2.501847208768692326e+03
4.374542093914514226e+03
2.394798338498354724e+02
3.405844553389850944e+02
6.071953689150801665e+02
9.593570616217095903e+02
2.211617672626858621e+03
3.990661485221836301e+03
1.572195646104150342e+02
2.375215071656861028e+02
4.627851944999960097e+02
7.739319064143030573e+02
1.925080330807790460e+03
3.605004871451295912e+03
9.090385774342425407e+01
1.482500081717177522e+02
3.279306805422183970e+02
5.938569949075297245e+02
1.633447435010606341e+03
3.203961880284809922e+03
4.420537091319000922e+01
7.246795847167084048e+01
1.948596843312976148e+02
4.040912769967590634e+02
1.303599874849428488e+03
2.736445347114704418e+03
5.584380143776535022e+01
3.614278268124152760e+01
6.782246655329700502e+01
1.891027239668131301e+02
8.721527211174726517e+02
2.091757551754093583e+03
3.824725220163107338e+02
5.130842377918568218e+02
8.377803870758044695e+02
1.246959153484180206e+03
2.638505485640656843e+03
4.553570272047960316e+03
2.728363135514003943e+02
3.843752655881232840e+02
6.710177362076537975e+02
1.042089945865805021e+03
2.338695873078374461e+03
4.160266803814218292e+03
1.610352533032641134e+02
2.476684583064941876e+02
4.854202481117133630e+02
8.077980761317796805e+02
1.982873170442345781e+03
3.684446379644449280e+03
6.800392150772256628e+01
1.202759307267904774e+02
2.934201864818384706e+02
5.528481975427055204e+02
1.571658265964487100e+03
3.118822634543987988e+03
4.110497038449955909e+01
4.116622032834531808e+01
1.234160429281142370e+02
2.985440001150235503e+02
1.112144166844010215e+03
2.457063061444176128e+03
1.839171877190956650e+02
9.680869930913776500e+01
4.064653679330358216e+01
9.670357542332794765e+01
6.314651981869858446e+02
1.703779444847328705e+03
6.755553293679269018e+02
4.448350455328661610e+02
1.778211864543885383e+02
6.690520383501147705e+01
2.306999716193437280e+02
9.448139484637372334e+02
1.714641583054951525e+03
1.270287825500785857e+03
7.055304368025690565e+02
3.751736965957521193e+02
7.721119735645191895e+01
3.508249001893274226e+02
1.519813769553565521e+02
7.361308298530215666e+01
5.993146378905072424e+01
1.673773369493210055e+02
8.285475814763956350e+02
2.021519365629265394e+03
3.743084252664152700e+02
2.075732611819022111e+02
6.519602967246221681e+01
7.177915185819355770e+01
5.108988549206725338e+02
1.490471179599076549e+03
7.449057003291873116e+02
4.721973633934994723e+02
1.794161426014280210e+02
7.242136617205927962e+01
2.686974800894059854e+02
1.016582592056403769e+03
1.274986432463923393e+03
8.804678301490739614e+02
4.181269706093224841e+02
1.871118386811395169e+02
1.251994442682073725e+02
6.281977183304420578e+02
1.965237699685632151e+03
1.435755699111119156e+03
7.881556040654908202e+02
4.251997574119355363e+02
9.487542165524104121e+01
3.442041432714074176e+02
2.813542961847555944e+03
2.138362318625743228e+03
1.292698738100049923e+03
7.917359761220352539e+02
1.859129770591544570e+02
1.750381184640199592e+02
3.817899294671482494e+03
2.988200840477249130e+03
1.934038065461422093e+03
1.290542320273826590e+03
4.044921713479581058e+02
1.281804537662565053e+02
4.989487451832810621e+03
3.996157285640786540e+03
2.722768000679750912e+03
1.932208771935157301e+03
7.607187883397429005e+02
2.121066562200439023e+02
1.350892199688113578e+03
9.253924200864269096e+02
4.362052068828612619e+02
1.976527225832182353e+02
1.342248385940555977e+02
6.380396061723808998e+02
1.815610957935130955e+03
1.297222419492977679e+03
6.797454431342860062e+02
3.495884935482723108e+02
1.001640734187402302e+02
4.285470523422004590e+02
2.350743180049479179e+03
1.735354895577955176e+03
9.847066850037363110e+02
5.607359004720377698e+02
1.230263482178363859e+02
2.738634981463101781e+02
2.954172492365652033e+03
2.238314327026289902e+03
1.350489084660509889e+03
8.311193176597452066e+02
2.039349810895512007e+02
1.759111768589210669e+02
3.626738620399742103e+03
2.807030170173449278e+03
1.778142978666820454e+03
1.161885336792666294e+03
3.440540218764210749e+02
1.355862884794375987e+02
4.375873162635717563e+03
3.448186627524825781e+03
2.273352127303909583e+03
1.558073939967261367e+03
5.469933073617962691e+02
1.547913669517379844e+02
5.215971117100442825e+03
4.174679057626046415e+03
2.847121980959095254e+03
2.029587867211599814e+03
8.204795549094355920e+02
2.387230322759105547e+02
6.176019816178203655e+03
5.012399344155164727e+03
3.521516988099298032e+03
2.596350803132551391e+03
1.180508134185394738e+03
3.989276225037845620e+02
2.423501444260512926e+03
1.785569053079243531e+03
1.012202838752812227e+03
5.788038866929401820e+02
1.309533697301929180e+02
2.739040906086196969e+02
2.877781891255770006e+03
2.164127230630310351e+03
1.286832623903850845e+03
7.808796693610478314e+02
1.887935777851083969e+02
1.956412735616644056e+02
3.373809844763047295e+03
2.582280667637255647e+03
1.598501367270758692e+03
1.018862705644516723e+03
2.812282710060635509e+02
1.504449893546486408e+02
3.914299124184452467e+03
3.042464194413085352e+03
1.949323518864810922e+03
1.294711946957464988e+03
4.099120600880670509e+02
1.395500890349886731e+02
4.505316199539240188e+03
3.550060120390563497e+03
2.343815113709979414e+03
1.612430011289018694e+03
5.778476570660982361e+02
1.648367867895396444e+02
5.158709936675058088e+03
4.115625043345271479e+03
2.790862927892572316e+03
1.979884761946127583e+03
7.909385511873565520e+02
2.300937349266656895e+02
5.892927449131193498e+03
4.755661023886261319e+03
3.304519469377780297e+03
2.409711488967338028e+03
1.059204142074051560e+03
3.424757370728208343e+02
6.739818124931207421e+03
5.498674009780898814e+03
3.909146070624079584e+03
2.923962370882974028e+03
1.400583783511910951e+03
5.153657294171579224e+02
3.615044792881950343e+03
2.776398995365947940e+03
1.735729653146274359e+03
1.123159195252719428e+03
3.297538187973696040e+02
1.479642239257162259e+02
3.998381999828116932e+03
3.103918969569498586e+03
1.986840621022741516e+03
1.321726300721473535e+03
4.250623187562935072e+02
1.452058367830323107e+02
4.412401220529325656e+03
3.459803904089782463e+03
2.263409023361668460e+03
1.544128923692364424e+03
5.414413876794802718e+02
1.605775279995563096e+02
4.862441415080782463e+03
3.848816400418677858e+03
2.569480140885336823e+03
1.794003560080367606e+03
6.817921021655397453e+02
1.961914519713689913e+02
5.356804726174918869e+03
4.278369447446378217e+03
2.911337681282340327e+03
2.076968553438665367e+03
8.505111228021931993e+02
2.551472608096726162e+02
5.908732908537674120e+03
4.760321101289035141e+03
3.299069054893379416e+03
2.402058369543518893e+03
1.054686306792557161e+03
3.424660602173476036e+02
6.537839619585848595e+03
5.312263228090972007e+03
3.747724685560826401e+03
2.782869625297052153e+03
1.305296801239016077e+03
4.662903402751276758e+02
7.276363777614817991e+03
5.963099555281360153e+03
4.282073997929970574e+03
3.241884336279065792e+03
1.620810591296075245e+03
6.406536605347054092e+02
4.205501141540283243e+03
3.276242256212151915e+03
2.115170358388622390e+03
1.422977585155091674e+03
4.777786164090364309e+02
1.526486602151985608e+02
4.545198505920973730e+03
3.569081775246355846e+03
2.343947281862047475e+03
1.607986455139215877e+03
5.770906678267396046e+02
1.701805315515019288e+02
4.913736197569406613e+03
3.888181083008747919e+03
2.595681991505482529e+03
1.813996885726942310e+03
6.938800393999118796e+02
2.015485966287593840e+02
5.316936991654422854e+03
4.238748541423748975e+03
2.874811920269843540e+03
2.045001875594252397e+03
8.313437548076974508e+02
2.491084652131623329e+02
5.763436880771913820e+03
4.628514339667939566e+03
3.187916360833457929e+03
2.306905192766718756e+03
9.941568237176520597e+02
3.162366422363176639e+02
6.266530904669119991e+03
5.069400881908868541e+03
3.545167253567859461e+03
2.608846832571011873e+03
1.189570721349162341e+03
4.081797198076945961e+02
6.845848580080625652e+03
5.579022746578471015e+03
3.961648440034181931e+03
2.964468883957576054e+03
1.428648362318780983e+03
5.332070273394939477e+02
7.533373559985901011e+03
6.186059196090058322e+03
4.461943564894594601e+03
3.396094170321981892e+03
1.729763017424302234e+03
7.053286540839525287e+02
4.549884992906978368e+03
3.569878358532695529e+03
2.341465870634263865e+03
1.605035425136337608e+03
5.759079815934828730e+02
1.712332792712960838e+02
4.863395185850614325e+03
3.841364546218124360e+03
2.555552287754968347e+03
1.780057712656174317e+03
6.745858007064208550e+02
1.968202492527206857e+02
5.205147438460597186e+03
4.138377604654086099e+03
2.791662580056885872e+03
1.974982625301697453e+03
7.892800520551462569e+02
2.344516810802554119e+02
5.581104727385701153e+03
4.466255983692598420e+03
3.054348802548806361e+03
2.193906816841526052e+03
9.232711163281470590e+02
2.865487500946313730e+02
5.999972312840720406e+03
4.832797395321953445e+03
3.350255754184810939e+03
2.442799304780055536e+03
1.081302228009534019e+03
3.565609276623350752e+02
6.474979367025159263e+03
5.249869220237025729e+03
3.689516630905932288e+03
2.730774843512020198e+03
1.270632573456137607e+03
4.497765415123492403e+02
7.025676182146927204e+03
5.735014546431542840e+03
4.087154375270254604e+03
3.071422709921144815e+03
1.502293951268859701e+03
5.744580554238217474e+02
7.683825517311208387e+03
6.316711061525207697e+03
4.567574858113639493e+03
3.486903809566782456e+03
1.794532088919015223e+03
7.445261504627042086e+02
