# Flattened chi^2 for model space generated from FSPS with dimmetions `['logzsol', 'tau', 'sf_star', 'tburst', 'fburst']` and shape (6, 9, 8, 6)
2.030282008057523180e-01
2.712455690253540164e-01
5.048668216213377802e-01
8.675887948760764301e-01
2.335512682333118928e+00
4.598247893576139944e+00
1.831160033713596369e-01
2.308270922319401175e-01
4.236498427498093244e-01
7.458532949324758743e-01
2.113667291400562309e+00
4.277913002026587641e+00
1.777322760779458943e-01
2.025556848339493121e-01
3.498359027494470919e-01
6.268018036025670980e-01
1.882812334546196897e+00
3.937014638206810524e+00
1.950549645820835454e-01
1.922535223873885202e-01
2.845713246663050811e-01
5.069514380923426655e-01
1.628091675184799803e+00
3.549600032685440443e+00
2.488935657787759159e-01
2.149247274381761441e-01
2.452534501423981050e-01
4.060971760265934538e-01
1.375310408188043176e+00
3.147503176429897742e+00
3.678466197571144680e-01
2.958086546453695398e-01
2.504108212791157362e-01
3.360660088849772853e-01
1.119582325007139501e+00
2.709175456496224044e+00
6.207339048168003526e-01
4.962324256553445889e-01
3.464912318289216642e-01
3.285670487903936676e-01
8.563616245655806258e-01
2.194625478705665600e+00
1.043203540258991424e+00
8.555998158048285784e-01
5.804854975748674484e-01
4.382768917636369332e-01
6.599686466353297254e-01
1.698421553923546989e+00
1.850442703063971128e-01
2.353143212065695322e-01
4.332316675767441394e-01
7.604983930686595173e-01
2.140836161289920270e+00
4.317422443879896932e+00
1.780258847165857305e-01
2.046399640878036330e-01
3.554963566393612995e-01
6.360221616080250495e-01
1.900852506103140716e+00
3.963771064776905106e+00
1.940932521395478116e-01
1.933290228597595584e-01
2.897754502593586912e-01
5.162866539646358000e-01
1.647671347268935715e+00
3.579320888989976357e+00
2.510887923907511032e-01
2.165530251388355643e-01
2.462334687157709812e-01
4.066119304929941003e-01
1.374719089415280759e+00
3.145854353502915757e+00
3.888810832344002932e-01
3.085895452045619991e-01
2.499473882793960822e-01
3.237867706609637297e-01
1.078784505975122876e+00
2.640540149108920431e+00
7.431427911962485977e-01
5.808016340345276696e-01
3.760803503492085587e-01
3.128717918759548744e-01
7.350555273247698640e-01
1.970711065788670169e+00
1.782358780301888102e+00
1.416999095237764017e+00
9.069394192076198902e-01
5.896851396849571714e-01
4.254990231299792258e-01
1.092293644475048620e+00
4.974027693735656896e+00
4.049599785627581383e+00
2.819485630225965433e+00
1.997526289802893151e+00
7.792067994380352802e-01
4.420288751523586690e-01
1.893166507394633546e-01
1.880883785557568300e-01
2.895274144231634872e-01
5.227156986883194634e-01
1.669768918745364150e+00
3.616478960005332421e+00
2.694309851955292712e-01
2.160238103437616686e-01
2.258382729150632540e-01
3.731113747215469845e-01
1.310415047377347708e+00
3.051056592869719530e+00
4.975850228131601938e-01
3.603045060823900636e-01
2.355150169329602305e-01
2.638785707635630806e-01
9.176937614790865450e-01
2.381150963301065460e+00
1.029271974641676524e+00
7.501624751603774843e-01
4.190317956158677304e-01
2.795106881234328267e-01
5.486325986605481431e-01
1.639067182426738434e+00
2.099693762538551667e+00
1.586329522200835340e+00
9.413969639776558207e-01
5.687612490660380882e-01
3.314040769072359449e-01
9.362354966341747131e-01
3.971181215836593559e+00
3.102756331402837020e+00
2.007215366606772466e+00
1.326230525656360903e+00
4.567674793381069076e-01
4.624342825782774558e-01
6.834461766951363870e+00
5.485065812021276521e+00
3.796530596549936742e+00
2.735585181687387735e+00
1.127917772155506260e+00
4.385310851209048288e-01
1.090927326701127775e+01
8.953677804229464243e+00
6.526970436063735725e+00
5.016698700315270543e+00
2.572201766229086140e+00
1.090799335934163672e+00
1.927163308405189346e+00
1.381604857372752182e+00
7.491209540238747966e-01
4.241960800809744248e-01
3.296476814488594753e-01
1.078459336978807581e+00
2.804921761787083412e+00
2.075767911025991008e+00
1.207234559274116048e+00
7.185784454578807434e-01
2.861575861664450438e-01
7.146644646230104758e-01
3.909659555487733584e+00
2.970493380487972956e+00
1.835923014657082186e+00
1.168461928481897116e+00
3.763926852060570649e-01
4.654253968758109150e-01
5.254891606830952355e+00
4.080380630946192966e+00
2.650811834405080170e+00
1.790490580382881003e+00
6.194410787582760314e-01
3.516599670944351996e-01
6.863229240489434169e+00
5.427555996666871607e+00
3.673112486837302182e+00
2.605642310722052990e+00
1.036018252054661026e+00
3.930411958755252178e-01
8.787431715978893720e+00
7.060112495485632245e+00
4.945031594858647850e+00
3.653067815246305639e+00
1.659745743640755888e+00
6.167364255774008264e-01
1.114241108529927615e+01
9.080712454237868769e+00
6.554537512045111924e+00
5.013203982553662286e+00
2.557931692711696403e+00
1.075444142105435041e+00
1.421899170081856134e+01
1.174874245367832870e+01
8.723618447122907682e+00
6.888999655453688753e+00
3.900572549941230704e+00
1.902491189902402624e+00
4.347562265894064026e+00
3.295361023829409763e+00
2.039859127953655982e+00
1.309629989110737247e+00
4.153971225643076637e-01
4.128796987704657084e-01
5.282847606911366789e+00
4.069609903794027872e+00
2.610904587579407021e+00
1.747661014513997468e+00
5.926257538670376412e-01
3.445639121080153466e-01
6.339294849833107648e+00
4.953682544193527271e+00
3.278561016092944591e+00
2.275882104240703807e+00
8.509855522894115287e-01
3.487976585884783320e-01
7.538175364992376615e+00
5.966507205596379038e+00
4.058870550590747861e+00
2.908741894315740595e+00
1.202030460332134343e+00
4.340659517100707854e-01
8.917695816913761675e+00
7.141870405129501442e+00
4.980242438805607463e+00
3.671692085782797044e+00
1.665923693944394435e+00
6.150324151007258155e-01
1.054816326879986299e+01
8.541903049161032158e+00
6.094952884528625603e+00
4.611679496117539578e+00
2.280251201341383815e+00
9.195522772486001140e-01
1.256147442944727821e+01
1.028337516565735044e+01
7.501763641507743330e+00
5.818077694705590552e+00
3.118312318268286809e+00
1.403872620810077798e+00
1.525395196281506749e+01
1.262972869238221563e+01
9.425169729742970404e+00
7.495663769944678201e+00
4.351431265348529642e+00
2.202580346831718217e+00
5.842203528497746490e+00
4.518100844032566066e+00
2.930402150250713156e+00
1.992381451888102450e+00
7.041379968172361004e-01
3.332486608680415574e-01
6.689711056420346580e+00
5.231006653836870690e+00
3.473723989440959503e+00
2.426617613165290788e+00
9.278340510029446930e-01
3.584822718063755409e-01
7.634100145224971712e+00
6.031064997900856817e+00
4.092636699312622639e+00
2.930425345493630651e+00
1.211531836404480922e+00
4.343748617827939973e-01
8.701255568334888224e+00
6.941049460984423547e+00
4.806139583207092336e+00
3.520702029093193186e+00
1.568392273081681942e+00
5.703018676132894926e-01
9.933474781616665084e+00
7.998239192782321538e+00
5.645446350258038315e+00
4.225326609756924867e+00
2.020425347249715120e+00
7.822949581639515593e-01
1.140380371708348939e+01
9.267144603229180433e+00
6.664808820909494891e+00
5.093016655027299500e+00
2.606729352963302215e+00
1.099540996026274975e+00
1.324578550753689932e+01
1.086596927393972400e+01
7.964170170543096283e+00
6.214196701403184697e+00
3.401508357994561749e+00
1.579112747782664083e+00
1.575274160027682591e+01
1.305531429463829340e+01
9.765410930017820235e+00
7.791208977318775375e+00
4.574154167403689186e+00
2.354249271913942732e+00
7.377971008935707786e+00
5.795364276304460383e+00
3.891809015689431828e+00
2.759675307502586605e+00
1.109840410757368057e+00
4.004711624296137806e-01
8.101399503992393392e+00
6.411551946412124892e+00
4.372914755818635868e+00
3.155069758092038157e+00
1.341627219490447720e+00
4.774499208836430197e-01
8.911843985144313862e+00
7.104975556004720083e+00
4.919448980825715800e+00
3.609345721320542655e+00
1.621028329212579999e+00
5.910091797828942450e-01
9.836733928014433914e+00
7.899781085445835238e+00
5.551584732108837628e+00
4.140471294963418813e+00
1.962134651543523400e+00
7.513477974072747534e-01
1.091934109815177756e+01
8.834133989155363409e+00
6.301325068301059318e+00
4.777070857949533789e+00
2.387669160649382061e+00
9.752054677791474058e-01
1.223266337288295347e+01
9.972531659473865773e+00
7.222958131649551916e+00
5.567939691032836258e+00
2.936924839563679335e+00
1.292095781669772458e+00
1.390938949148085335e+01
1.143241863393942381e+01
8.415776096407329376e+00
6.602909276873225153e+00
3.683641381517482660e+00
1.758777227550772038e+00
1.623807634106648123e+01
1.346999177242348011e+01
1.009770272620875531e+01
8.080640117323104832e+00
4.794123541473751970e+00
2.506046390534834689e+00
8.131677841177628707e+00
6.428399996658576754e+00
4.377333733374981328e+00
3.155556575386686546e+00
1.340465477884625889e+00
4.759843398752395816e-01
8.789646880879001145e+00
6.991703645181937432e+00
4.821412133497178232e+00
3.524449718942274323e+00
1.566468415326977892e+00
5.664265011965037289e-01
9.532350732881040400e+00
7.629812349734288013e+00
5.328237476362694736e+00
3.949268249918426399e+00
1.836404612195223329e+00
6.890690557169829589e-01
1.038725540437840955e+01
8.366919265166394837e+00
5.918042690177919951e+00
4.448048361329301592e+00
2.164455926286279475e+00
8.542272426280500541e-01
1.139745616323281752e+01
9.241045676047621171e+00
6.622727502695619606e+00
5.049335998604568054e+00
2.573316858231373239e+00
1.078662648840537086e+00
1.263537805381416135e+01
1.031618913486480515e+01
7.496167275711932199e+00
5.801564534729024558e+00
3.102012674420537852e+00
1.391715528835498539e+00
1.423278448734252244e+01
1.170896263108718571e+01
8.636929731465826876e+00
6.793894056992627384e+00
3.823703978151379523e+00
1.849661362720265378e+00
1.647553462614210673e+01
1.367307299524271258e+01
1.026069949561147787e+01
8.222889815351713594e+00
4.902886861169678312e+00
2.581795541052444687e+00
8.574374896013049252e+00
6.801864196800821105e+00
4.666151967390543831e+00
3.393217049568245880e+00
1.484259141284599348e+00
5.314996890310510480e-01
9.193734875554270047e+00
7.333567918538943076e+00
5.087476455921871477e+00
3.745185944551431501e+00
1.704729993664193310e+00
6.269982459260240448e-01
9.896793065650342669e+00
7.938977893584078238e+00
5.570337843822639634e+00
4.151745385962143153e+00
1.967471343544798135e+00
7.527192583486246313e-01
1.071091370594368186e+01
8.642202212896332725e+00
6.134904757701201028e+00
4.630878460187843437e+00
2.286632293930985771e+00
9.189655729437883336e-01
1.167897528700205712e+01
9.481074748335586833e+00
6.812922515414096658e+00
5.210995976325587975e+00
2.684805905296599793e+00
1.142429819577158723e+00
1.287296999541182529e+01
1.051920889216524913e+01
7.657942231052161652e+00
5.940238762562136898e+00
3.200780910366782361e+00
1.452270914229323306e+00
1.442401849366784283e+01
1.187263752100433400e+01
8.768020821589331604e+00
6.907290853919100471e+00
3.907297508664721697e+00
1.904401136498791391e+00
1.661631419981916835e+01
1.379352881581870882e+01
1.035745771448542740e+01
8.307416479209189575e+00
4.967715179535259651e+00
2.627155574044224284e+00
4.395192278987013479e-01
5.930133360271454546e-01
9.964118199122742325e-01
1.527897130195821296e+00
3.413455361189365433e+00
6.088021601933666815e+00
3.537575521432990144e-01
4.840470682963063931e-01
8.412855176648115219e-01
1.326936821505170006e+00
3.099292048146607748e+00
5.662543558318216874e+00
2.803632402986169225e-01
3.850125861018884876e-01
6.912350254450125853e-01
1.126216393463246312e+00
2.773361314914873255e+00
5.213400816061213305e+00
2.221962484345472444e-01
2.967035184005892834e-01
5.429571151625663950e-01
9.183828456528535522e-01
2.418388146058285670e+00
4.713677334518441064e+00
1.952961669018522806e-01
2.361639997571060579e-01
4.155012708520149367e-01
7.244849520397991238e-01
2.060392352851033504e+00
4.194322649788595037e+00
2.169361839661245184e-01
2.202755079910164726e-01
3.249629939922641375e-01
5.598301601315174292e-01
1.712699718281645467e+00
3.666663403778915864e+00
3.272149158468667940e-01
2.816082591556027803e-01
2.889321219443215516e-01
4.271266433818318164e-01
1.341232395621542395e+00
3.060402165479529923e+00
5.898481890426643393e-01
4.825987102389197037e-01
3.673327011853574353e-01
3.838467887495269903e-01
9.975909480290856557e-01
2.421619493813072843e+00
3.640248423117869447e-01
4.972857739604633620e-01
8.604351393014937344e-01
1.351955585609870170e+00
3.138810439793082274e+00
5.716327054358305126e+00
2.860907102764988497e-01
3.929064095934398093e-01
7.034399986986106246e-01
1.142702445669421252e+00
2.800437612422158384e+00
5.250931109994383839e+00
2.267257673774740190e-01
3.036946588888261855e-01
5.548598143253612447e-01
9.351499170573810416e-01
2.447140165779176701e+00
4.754246332635307937e+00
1.964984136179865337e-01
2.378553462074335378e-01
4.183896738237151691e-01
7.285584411511507597e-01
2.067176950420488879e+00
4.203731305270216545e+00
2.229857635991894793e-01
2.187371636645145390e-01
3.105393562765794702e-01
5.331991025068469892e-01
1.655402469285476297e+00
3.578978005296289844e+00
4.066288630325022857e-01
3.222560943634034114e-01
2.706013306781056560e-01
3.573784440087919290e-01
1.146837064724130384e+00
2.743246427574254298e+00
1.216723860179948380e+00
9.214851234875359731e-01
5.560508268942657706e-01
3.815962984139097958e-01
5.638821736652708250e-01
1.568809611239279311e+00
4.210688990806946919e+00
3.314212434782298988e+00
2.184935809989173805e+00
1.481028064240890618e+00
5.596454972194340183e-01
5.111814490446709991e-01
2.161647319485922314e-01
2.982700109942461597e-01
5.613084146307796285e-01
9.519459735250350718e-01
2.484116886675268532e+00
4.809362655574965117e+00
1.793410650820378427e-01
2.079902689465633892e-01
3.755057229991135004e-01
6.747429470786034944e-01
1.980663337475583097e+00
4.082625550844378282e+00
2.715948677859894578e-01
2.132184632885150144e-01
2.412466138447972863e-01
4.159212377543610173e-01
1.421294561113142674e+00
3.228021595317896342e+00
6.550876972758514771e-01
4.459735826940908199e-01
2.585882073470176512e-01
2.587632643480793915e-01
8.621042998312785643e-01
2.277624703951849128e+00
1.576892791699229468e+00
1.115244414378872673e+00
5.973756048055344214e-01
3.561717813469655880e-01
4.368396886277146063e-01
1.350484149576755444e+00
3.304233370510537338e+00
2.460782238099650687e+00
1.467508251291774313e+00
9.078884256560434407e-01
3.424765560323356772e-01
6.438241511939080119e-01
6.004380137539864215e+00
4.653940724031442322e+00
3.042541068750860944e+00
2.094512479164998275e+00
7.842167053627558948e-01
3.843763293092131716e-01
9.810817337808391159e+00
7.842147997654767444e+00
5.481507289637599811e+00
4.085192337065801205e+00
1.951496302164462016e+00
7.709872618299588032e-01
1.488440141109784731e+00
9.862576816630814758e-01
4.745162055245414900e-01
2.771830255024821388e-01
4.887211116456262605e-01
1.533134896938605163e+00
2.296849974330942956e+00
1.594855719870842625e+00
8.308595795981226217e-01
4.624680504950125504e-01
3.254324752587757774e-01
1.039854149342373635e+00
3.327082995784679920e+00
2.399747290734789207e+00
1.354634284671448530e+00
8.015884474058766473e-01
2.986374732342940708e-01
6.682895753848496767e-01
4.585130905369291909e+00
3.409224716260614407e+00
2.056305274487817414e+00
1.306460496498274892e+00
4.230240423830497476e-01
4.350612226850253395e-01
6.085566504006385102e+00
4.638355827960118916e+00
2.950961330275169381e+00
1.992272690764787635e+00
7.136714775203526484e-01
3.541301968903808328e-01
7.871651891264044743e+00
6.126562974157093500e+00
4.072902406944822751e+00
2.890538556816718785e+00
1.196655635787532423e+00
4.449539182366775147e-01
1.003894700307310828e+01
7.958597444019239298e+00
5.493792653286789118e+00
4.066347339551811046e+00
1.925592005972605492e+00
7.478256142407222473e-01
1.282634618419527506e+01
1.034457996919232237e+01
7.389707928774059909e+00
5.679330174414968901e+00
3.033023864078204568e+00
1.364011672287697152e+00
3.767936926648133955e+00
2.717294563675782815e+00
1.541449274043336315e+00
9.215742253968158826e-01
3.103081442264855605e-01
5.824165497112467893e-01
4.643070541742056356e+00
3.422982333884940331e+00
2.035449501144844575e+00
1.279947966688328442e+00
4.072442767137233743e-01
4.337093786894189451e-01
5.627802112009175239e+00
4.228618493953233859e+00
2.618084305447904381e+00
1.721863634515185648e+00
5.814809360324236787e-01
3.562610664640864511e-01
6.739805079331664395e+00
5.149704650773915482e+00
3.302129457729499062e+00
2.258569062344796041e+00
8.414138892258368196e-01
3.553788517002908764e-01
8.012226272469430199e+00
6.215202437297031146e+00
4.111395977136051982e+00
2.911044156909422753e+00
1.202934096590185575e+00
4.415669705250900301e-01
9.507078092438352002e+00
7.479388720202509333e+00
5.090736427764446681e+00
3.719078633236638343e+00
1.696972331430917746e+00
6.363845357067332564e-01
1.133778361479026309e+01
9.041688443517184481e+00
6.322830527991052385e+00
4.756841861397122173e+00
2.383464746966525993e+00
9.843045789795507039e-01
1.375200084149864210e+01
1.111928050666032775e+01
7.988819776158602615e+00
6.188062385011877886e+00
3.398143680470826489e+00
1.589433790516905809e+00
5.181187813374245721e+00
3.843730647016639246e+00
2.320740914917317710e+00
1.488304054424030465e+00
4.807419986008223400e-01
3.828864642720922196e-01
5.969303439859474203e+00
4.492883412897784368e+00
2.795990930904608263e+00
1.853909633379027477e+00
6.383863321326092022e-01
3.447700518456964236e-01
6.843278555121173667e+00
5.219343540937630976e+00
3.338341959180356699e+00
2.281540658740098149e+00
8.504349280798789712e-01
3.534363539036602386e-01
7.825871460993517381e+00
6.042878767121262484e+00
3.963905238247027452e+00
2.785286931061650595e+00
1.127400624305584964e+00
4.157273008407698089e-01
8.954474382193410520e+00
6.996092567006798824e+00
4.699451693817963793e+00
3.388747658975739707e+00
1.487357108254666604e+00
5.440099736983241563e-01
1.029366347994677788e+01
8.135487572514181309e+00
5.591696890998401059e+00
4.133430069134432117e+00
1.962876871549560809e+00
7.614998584691757832e-01
1.195858304994965238e+01
9.561962081552545456e+00
6.724503111344862560e+00
5.094551042718625133e+00
2.614853643982322229e+00
1.113631705884096545e+00
1.419517348420844982e+01
1.149105791441571434e+01
8.277460352336728278e+00
6.434356989270597182e+00
3.577845113779745123e+00
1.703770935990796431e+00
6.622254927638172362e+00
5.017128371122510089e+00
3.169140429966577521e+00
2.140965039481062426e+00
7.752095386703526936e-01
3.423424479424382882e-01
7.288982898803659793e+00
5.575074757010338722e+00
3.590640352336489816e+00
2.477503947729742695e+00
9.523702474325965728e-01
3.687497198071395532e-01
8.032643674223505670e+00
6.200916291510878864e+00
4.069105781384142695e+00
2.865114314654685579e+00
1.170731419381138450e+00
4.265521784975853103e-01
8.877570347580251209e+00
6.915846127321499281e+00
4.621907908338801718e+00
3.319075946078235528e+00
1.441950442854248671e+00
5.237285983428263680e-01
9.862061571754667355e+00
7.753310577094164380e+00
5.276600296586005712e+00
3.863763988775682279e+00
1.784942914635277100e+00
6.735831140526500338e-01
1.105045636900410422e+01
8.769629720909755122e+00
6.079803700569258673e+00
4.540671598626284222e+00
2.232495218889178012e+00
8.997991414812956945e-01
1.255715996150794211e+01
1.006502171022884262e+01
7.114767216151020257e+00
5.424446465553922181e+00
2.845073005455008186e+00
1.247567278958040760e+00
1.462456572854531167e+01
1.185175528131460077e+01
8.558120296729013532e+00
6.674542601791944030e+00
3.754836195529569931e+00
1.818341429436693302e+00
7.324314350363782644e+00
5.595854431954061958e+00
3.597776864062592228e+00
2.480156305998066912e+00
9.524795446342486649e-01
3.676495987940644472e-01
7.927832673459101365e+00
6.104108332069976051e+00
3.986434172105114637e+00
2.794769379813140109e+00
1.128789560824759786e+00
4.127182957875572544e-01
8.606384210968167636e+00
6.678065199697015508e+00
4.429452603431041524e+00
3.157479346653545349e+00
1.342434021076546191e+00
4.844733803263082672e-01
9.384320132216323884e+00
7.338955242891450403e+00
4.944266880842215883e+00
3.583650290970033847e+00
1.605205906903363067e+00
5.910836999864919061e-01
1.029972794525249924e+01
8.120053791529421972e+00
5.558311723167314256e+00
4.097574282375382460e+00
1.936016401475187276e+00
7.459303554472909159e-01
1.141631299317750781e+01
9.077122218588726810e+00
6.317745997373905631e+00
4.740344017474656724e+00
2.367379086038061242e+00
9.725556701336853793e-01
1.284764156577340266e+01
1.030960983871471903e+01
7.305131989930720771e+00
5.585962643241649594e+00
2.959200865625347010e+00
1.315692571789227383e+00
1.483399973308668685e+01
1.202784095412346943e+01
8.695338066689712875e+00
6.792213805705070939e+00
3.842158748376855559e+00
1.875540019721550822e+00
7.734988232054852197e+00
5.936215923715290721e+00
3.852489855976603206e+00
2.684095278015295349e+00
1.064949573916261105e+00
3.940685785669096886e-01
8.301481535280407442e+00
6.414891230567461022e+00
4.220875740350885863e+00
2.984431238627726302e+00
1.238477443830634295e+00
4.470066018527862339e-01
8.942163324426475768e+00
6.958298580196860428e+00
4.642467602817318628e+00
3.331541100541299372e+00
1.447614885794562101e+00
5.245289094050036294e-01
9.681273253974172377e+00
7.587577238285815540e+00
5.134634634634300809e+00
3.740739790888722549e+00
1.704138774682678381e+00
6.348203327304284826e-01
1.055666748009709188e+01
8.335801663466359201e+00
5.724649801333803190e+00
4.236180740577949244e+00
2.026867146242070206e+00
7.912149935395481615e-01
1.163159427883480568e+01
9.258324258151677810e+00
6.458323419358822370e+00
4.858644565810748439e+00
2.448072118551473775e+00
1.017086697899495684e+00
1.301903640892636105e+01
1.045405837373973945e+01
7.417736075800601014e+00
5.681679288789982074e+00
3.027254403234886926e+00
1.356819160194124407e+00
1.495796238607034212e+01
1.213211043111079412e+01
8.776651056992172073e+00
6.862016881941110924e+00
3.894145228822824656e+00
1.909794865757494575e+00
7.647595758077547767e-01
9.805266737900942831e-01
1.507868658699387687e+00
2.162510152000573171e+00
4.352640537703634571e+00
7.327271723944297932e+00
6.203808106063464223e-01
8.109702889181389374e-01
1.288227641192119854e+00
1.893138547175076791e+00
3.960443082809169013e+00
6.814297560738752146e+00
4.887715204906256661e-01
6.520854906851758503e-01
1.075075010727576830e+00
1.626088880505672574e+00
3.560218268939575825e+00
6.283036992149419575e+00
3.646136056628563882e-01
4.953989785791572675e-01
8.536690933083150856e-01
1.340406460950526180e+00
3.115719905082044772e+00
5.682284446600281314e+00
2.729819135508481098e-01
3.690370770298129210e-01
6.582127833927353677e-01
1.076334665472791219e+00
2.682134990789091233e+00
5.081949331855446061e+00
2.233674910988870388e-01
2.810574824800493032e-01
4.939091055371719330e-01
8.362383185365722671e-01
2.254803548556068904e+00
4.470443689747600757e+00
2.394309172694126242e-01
2.493944251138644208e-01
3.672965759228745686e-01
6.153350416496785602e-01
1.800956066664772592e+00
3.787439280800522390e+00
3.946534040023053080e-01
3.397936364745409721e-01
3.287419234484648123e-01
4.487324372840439390e-01
1.318057569227345294e+00
2.993447120331892641e+00
6.381067496359311697e-01
8.319466226823810651e-01
1.315666106512133116e+00
1.926991423961547101e+00
4.010136998632927607e+00
6.879572504524635868e+00
4.988821984097884243e-01
6.644358533666496758e-01
1.091866608585684295e+00
1.647280055435645263e+00
3.592274979685206926e+00
6.325808310635153475e+00
3.752422851095807421e-01
5.091338603129309526e-01
8.735246024204419424e-01
1.366278617365277892e+00
3.156357921789615162e+00
5.737451288258050397e+00
2.738972226283157840e-01
3.708134208323511927e-01
6.616026789318985024e-01
1.081105859524520429e+00
2.689815625108348929e+00
5.092371669778977150e+00
2.144675976115805738e-01
2.654962462547049151e-01
4.660508231383829747e-01
7.958741932030435340e-01
2.181813799860273129e+00
4.364785734897654201e+00
2.711773879544802646e-01
2.424231618904862384e-01
2.982951087718154204e-01
4.892602085124232447e-01
1.532191185813550183e+00
3.376914732734450197e+00
9.193649384727488050e-01
6.714764374227528698e-01
4.016453156863334373e-01
3.197097159024895330e-01
7.234864109269687482e-01
1.943671440558048857e+00
3.794589583263109578e+00
2.916734769251388304e+00
1.850286195276401369e+00
1.217462105962314967e+00
4.707947811189738263e-01
5.908468250664409283e-01
3.537957582869599160e-01
4.982535476631331228e-01
8.802394770574455407e-01
1.385450271217034901e+00
3.196106613188869350e+00
5.794406904216623744e+00
2.156104209133917760e-01
3.062975134394441135e-01
5.901357485316647278e-01
9.994114434465761754e-01
2.569490787891402839e+00
4.929466294619620825e+00
1.951719642662254062e-01
1.964718380576752910e-01
3.363681055767062666e-01
6.153422746125806198e-01
1.867391988607754350e+00
3.913773219182303365e+00
4.666111113247493614e-01
3.094194040713331151e-01
2.246897779179305443e-01
3.213930647523114414e-01
1.150797074731524150e+00
2.784756331459173229e+00
1.294923256438397008e+00
8.694175616873819346e-01
4.372854267749847756e-01
2.818898577383497361e-01
5.651975542413134601e-01
1.674089125109499809e+00
2.951584230874110037e+00
2.123777854896229389e+00
1.194084077126253973e+00
7.081272487884728850e-01
3.229472582384111945e-01
7.980427072593023752e-01
5.577384084927254015e+00
4.227228235198961848e+00
2.661701154611024300e+00
1.778466177984949770e+00
6.340009611332415584e-01
3.936323118105929941e-01
9.244144060086416204e+00
7.275050408538509927e+00
4.958296658652805888e+00
3.627303693066197710e+00
1.662121720123146851e+00
6.411507217270752124e-01
1.252833301616264494e+00
7.819147122894074542e-01
3.530010325331432997e-01
2.396607168330017190e-01
6.464367986528745114e-01
1.877529696317523200e+00
2.024530091281353528e+00
1.341410838210713052e+00
6.463855990312905586e-01
3.544208932866164674e-01
3.994449803276534094e-01
1.288315195578086270e+00
3.020156111890307304e+00
2.100611552413541805e+00
1.111877862954446572e+00
6.287604353096697407e-01
2.975039771615176076e-01
8.320739562023824476e-01
4.239479404682651165e+00
3.062690994971553060e+00
1.756024290109063024e+00
1.071221575288776151e+00
3.525184091235116224e-01
5.230087324226281309e-01
5.691511337020391359e+00
4.237874523620325462e+00
2.589848115005733309e+00
1.693217109183889901e+00
5.758841843060352739e-01
3.712867379904372100e-01
7.411476895285666444e+00
5.658398332637958994e+00
3.641479752914932533e+00
2.520597747451276849e+00
9.885951314612941854e-01
3.916253906908021554e-01
9.483130418725069788e+00
7.398228926190590471e+00
4.973055773451638295e+00
3.609629390189389664e+00
1.636452277716853754e+00
6.172151605916135209e-01
1.212054333448028487e+01
9.644117350286579793e+00
6.739196126562200462e+00
5.099843838952880404e+00
2.634541781103955760e+00
1.134090690350618935e+00
3.467051266756287831e+00
2.417446563958561612e+00
1.290862945898553882e+00
7.373260856251430129e-01
2.911955810515953758e-01
7.217644682005415202e-01
4.314930737921653936e+00
3.090629996682965341e+00
1.745935705353724554e+00
1.053694713195499455e+00
3.420604578620019542e-01
5.232658008870355593e-01
5.266970040679012754e+00
3.859870370207198143e+00
2.287440010304230498e+00
1.452414133184598999e+00
4.708749751699738417e-01
3.982359742576722095e-01
6.338308665453824986e+00
4.738327005850237583e+00
2.926037839591646872e+00
1.942731560408197389e+00
6.841564703524394275e-01
3.501647068825647913e-01
7.559337422514699867e+00
5.752391089680550351e+00
3.683162097260827661e+00
2.543331424475673064e+00
9.955501500336684240e-01
3.872835892285682591e-01
8.986454283618520833e+00
6.951228311327964704e+00
4.599136495324643192e+00
3.289809303270069929e+00
1.432317667756934698e+00
5.278706427553117031e-01
1.072315406819729233e+01
8.425196135921146023e+00
5.748573576511977201e+00
4.248868399691602349e+00
2.047943771951457492e+00
8.107341287766702820e-01
1.299458919289177139e+01
1.037047761957651026e+01
7.293453769362071348e+00
5.566341413234222379e+00
2.962775599335365495e+00
1.326720973288513683e+00
4.845716718408879409e+00
3.500216883495454123e+00
2.015587421502603060e+00
1.244275290325570715e+00
3.945217729601621648e-01
4.481887441602933064e-01
5.606084876099145298e+00
4.119505813806505046e+00
2.458072563858595405e+00
1.575943586200860391e+00
5.173075252216805531e-01
3.742537676418625781e-01
6.446746674748863093e+00
4.811575771865252094e+00
2.964296805357713005e+00
1.966967008985381460e+00
6.930260139076381831e-01
3.466098441320042411e-01
7.388493254599244331e+00
5.594382223728146641e+00
3.548733013919111556e+00
2.429894892965311914e+00
9.307982619653993872e-01
3.708101955881956124e-01
8.466182401575279570e+00
6.498196903744598352e+00
4.236031141680087764e+00
2.986316865718818381e+00
1.246839680111335502e+00
4.574448418419884144e-01
9.739114666391076369e+00
7.574742409833238099e+00
5.068688367104949855e+00
3.673853551867872991e+00
1.670391181977967543e+00
6.268268533130343378e-01
1.131285448167501428e+01
8.916188630631488365e+00
6.122813170357546575e+00
4.560559372788858923e+00
2.256212899569276509e+00
9.190700110785503529e-01
1.341158711533829440e+01
1.071784706197162684e+01
7.559578128480636927e+00
5.791494714766090901e+00
3.124117090983554945e+00
1.424858242764065697e+00
6.244112655473673001e+00
4.626551016326337695e+00
2.811085436488076184e+00
1.841615837992070626e+00
6.312026166248313475e-01
3.471654597092771466e-01
6.883409029584218075e+00
5.156926041873487243e+00
3.204445927122786308e+00
2.150062104150008313e+00
7.811865349154133442e-01
3.470249877499728686e-01
7.594501513060584408e+00
5.750725434343491926e+00
3.651050845508432730e+00
2.506312665165300491e+00
9.698902851178409223e-01
3.764253856113846108e-01
8.399923816071410698e+00
6.427505164052769615e+00
4.166813898939436989e+00
2.924296297848898885e+00
1.207800634683131369e+00
4.423109007767088707e-01
9.335440717739603045e+00
7.218406894037340038e+00
4.777227073569386917e+00
3.426465030262988876e+00
1.512129813928586364e+00
5.564342207925599970e-01
1.046031755060095492e+01
8.175160345964984643e+00
5.524865459408199619e+00
4.050592195112186822e+00
1.912505871041058514e+00
7.397614295832011244e-01
1.187964344500338854e+01
9.389497534422348579e+00
6.485435358554485497e+00
4.864358676483339750e+00
2.463446795574143255e+00
1.032349718693575502e+00
1.381471941322205588e+01
1.105410939842402307e+01
7.817762226774354950e+00
6.010605099806229923e+00
3.282857152721511795e+00
1.523390594627589634e+00
6.921963520139859050e+00
5.180308144924425484e+00
3.213453563482777664e+00
2.154204618174003105e+00
7.820653113920539301e-01
3.459482418173623897e-01
7.498781298541546292e+00
5.662322394424162297e+00
3.576044256448621450e+00
2.443172421951235407e+00
9.341644472625137974e-01
3.678837221768843646e-01
8.145698969537715328e+00
6.205654958364714702e+00
3.989226527523558996e+00
2.776845459319272624e+00
1.120869764487407716e+00
4.143015649672214806e-01
8.885306833082815103e+00
6.829938811939364030e+00
4.469018556002350095e+00
3.169280111091939744e+00
1.352853761603868055e+00
4.923932786448317334e-01
9.753148343201159420e+00
7.566139919086407595e+00
5.040797469119100427e+00
3.642856341560842370e+00
1.647354676075494906e+00
6.140393399245108741e-01
1.080794411825047163e+01
8.465506337966822059e+00
5.746740312094194003e+00
4.235004974455145899e+00
2.033779841181068360e+00
8.001151249699059997e-01
1.215406842706016732e+01
9.619110030304533154e+00
6.661954933243107391e+00
5.012839550243917586e+00
2.566154592190863060e+00
1.090278989130400111e+00
1.401102550889448572e+01
1.121799551121993943e+01
7.943778615241801511e+00
6.117781465779445149e+00
3.361107002495907992e+00
1.572637678711665599e+00
7.317380603153750940e+00
5.505321027531867806e+00
3.452461128112571664e+00
2.342463422958251495e+00
8.793282306006888760e-01
3.573953429534060255e-01
7.857777309051731329e+00
5.958622201437580479e+00
3.795978439516246361e+00
2.618515779728883164e+00
1.030219031413024844e+00
3.889592341869375636e-01
8.467533781486551447e+00
6.472323715613615747e+00
4.188924381304834910e+00
2.937908958067523724e+00
1.213896834913877454e+00
4.427651278340949403e-01
9.169147385707205444e+00
7.065985461560005731e+00
4.647269627040338413e+00
3.314667620617404609e+00
1.441036092653122935e+00
5.260414556803603148e-01
9.997927545282250250e+00
7.770370063813967221e+00
5.196228634492538134e+00
3.771035669662068823e+00
1.728792731777091474e+00
6.506406507671125272e-01
1.101218950852492995e+01
8.636361299426969396e+00
5.877665464799085804e+00
4.344162228066286602e+00
2.106357985597707927e+00
8.372915678765532332e-01
1.231579751180889204e+01
9.754557418623392095e+00
6.766255963267678197e+00
5.100748336360513058e+00
2.627384422662016661e+00
1.125332219497713782e+00
1.412711973858059444e+01
1.131495721919811359e+01
8.018387274013822008e+00
6.181305194971412398e+00
3.407669419553386092e+00
1.602145043807435831e+00
1.235024268602725961e+00
1.514681881757247384e+00
2.169172149999029742e+00
2.950134791928416877e+00
5.452582035392126159e+00
8.734795168254635200e+00
1.020281520595380353e+00
1.272677609977286739e+00
1.872932767319987590e+00
2.600037670067306461e+00
4.969436595769783693e+00
8.120779865472531611e+00
8.215431682461484808e-01
1.045072806097059104e+00
1.587891257538108114e+00
2.257946990795577591e+00
4.486362582912327035e+00
7.498957060030731370e+00
6.203982194883228551e-01
8.091447394156678907e-01
1.282752003675287966e+00
1.884061640738330379e+00
3.942578778912629645e+00
6.787962119185490195e+00
4.573463921814600042e-01
6.102240548323396574e-01
1.012462279662781128e+00
1.542884859349980875e+00
3.426223518137506474e+00
6.099206427370448047e+00
3.308001439175973779e-01
4.440556879601642026e-01
7.674519916181081758e-01
1.219559388227834162e+00
2.909333823004945252e+00
5.391781467429514585e+00
2.531889245751117179e-01
3.175216589562368519e-01
5.435699952311140448e-01
8.989804685978918242e-01
2.349764733993090715e+00
4.596969130933858949e+00
2.934629875366803198e-01
2.861650240045632843e-01
3.696863633401334948e-01
5.835307601998102056e-01
1.684460403016414753e+00
3.587343364495038323e+00
1.047719256707706714e+00
1.303756159201458154e+00
1.911247051113860618e+00
2.645532633067850359e+00
5.032667940959725250e+00
8.201462205812861228e+00
8.361775636831434433e-01
1.061973893116219703e+00
1.609264917742309287e+00
2.283737243939460093e+00
4.523041769190232486e+00
7.546368276381099527e+00
6.389009870223476550e-01
8.313458039213041939e-01
1.312143841288604618e+00
1.920464554664521595e+00
3.996120959280983875e+00
6.858347695415736744e+00
4.566954895055344577e-01
6.107284136988315737e-01
1.014674316628380035e+00
1.546254367927645035e+00
3.431546461351830501e+00
6.106222157993073552e+00
3.008801706743767235e-01
4.084109045169310725e-01
7.194597570940446385e-01
1.157724866408103459e+00
2.809897942504494317e+00
5.254343887432443516e+00
2.176412166818156302e-01
2.443641567708692564e-01
4.057420251688556023e-01
6.976984262592649255e-01
1.984624781693563600e+00
4.067733898229484168e+00
7.030829824296006558e-01
4.987763353593890892e-01
3.152248605165923756e-01
3.150781744053642308e-01
9.118496952813532896e-01
2.318642655099830474e+00
3.498585485054853894e+00
2.635066513223094375e+00
1.618061190977540642e+00
1.040272618467965593e+00
4.261393125095793155e-01
6.728275423887215556e-01
5.946901109180611211e-01
8.045619748384593706e-01
1.309331921578686275e+00
1.931455770002350025e+00
4.024561233756055678e+00
6.899240049028676935e+00
3.349507813041009419e-01
4.910281816839046076e-01
8.946657369352778444e-01
1.415228805517748656e+00
3.249762814962470436e+00
5.867210935814798134e+00
1.837381078783466293e-01
2.474306097800346715e-01
5.009699249729591131e-01
8.832557568172751949e-01
2.375899030107428977e+00
4.654911519460878111e+00
3.369356044294957719e-01
2.317271612978676343e-01
2.468766450192855233e-01
4.347708689519430569e-01
1.473394296454394015e+00
3.308212170058703272e+00
1.088269546272128574e+00
6.949453868595162342e-01
3.388125979758431772e-01
2.577511316984515410e-01
7.127606817846663390e-01
1.985806021648464981e+00
2.714623751636415783e+00
1.896227798716562329e+00
1.014400047905015922e+00
5.845574628863828837e-01
3.343858849381515785e-01
9.384290732934392754e-01
5.320787526625198716e+00
3.966684264482427391e+00
2.430063023729885696e+00
1.590279829383117294e+00
5.552568308797873886e-01
4.183849613877325124e-01
8.920409245360527706e+00
6.951589614325048849e+00
4.664611337635325761e+00
3.375734856737269141e+00
1.513127333154506760e+00
5.854526585991398635e-01
1.083460215641286695e+00
6.397144476847276273e-01
2.835782583693802206e-01
2.423912205540430798e-01
8.125208157662509034e-01
2.198373712607875063e+00
1.837046098363162461e+00
1.167322902280944374e+00
5.279246123479119923e-01
2.974278721855442287e-01
4.856338843125148630e-01
1.510417333942655427e+00
2.822879363364583671e+00
1.904990004885716015e+00
9.566359282572247658e-01
5.255262127486136636e-01
3.200167229201727470e-01
9.741648377311709073e-01
4.033812673156367268e+00
2.850209813464475328e+00
1.572044268433010927e+00
9.317226873364665707e-01
3.248643505890406180e-01
6.016199464922018514e-01
5.471813915469765810e+00
4.007070423137085946e+00
2.380186361704061504e+00
1.522998431312413636e+00
5.076725668799740854e-01
3.993252103198654535e-01
7.164251053358867694e+00
5.400732150111151597e+00
3.403187707033239917e+00
2.319756016128709408e+00
8.845820082396107509e-01
3.774887261993610243e-01
9.186399030885217698e+00
7.097343957898305966e+00
4.696321051924633672e+00
3.371914482361116683e+00
1.495568900881716790e+00
5.637129882093330213e-01
1.173931610581950657e+01
9.271650469458904809e+00
6.403582471111993968e+00
4.809193011716692112e+00
2.446874393500563905e+00
1.035644920136969294e+00
3.284469674574616693e+00
2.229807608740581593e+00
1.135429214754680949e+00
6.289057346176495367e-01
2.985655916820813549e-01
8.390312235324283163e-01
4.125585368351582183e+00
2.891384878900686850e+00
1.571678636534833196e+00
9.218390485396796841e-01
3.176717891505156932e-01
6.008000397128665515e-01
5.068037418422933982e+00
3.648053595591903786e+00
2.095458063934974469e+00
1.299364882284954392e+00
4.187943603933891312e-01
4.415609727670229412e-01
6.124647358615927573e+00
4.510880112447309465e+00
2.715623372258547441e+00
1.769065296485758498e+00
6.069201478886210310e-01
3.633341013114893547e-01
7.323108988191568969e+00
5.503841433973886588e+00
3.451539448977757552e+00
2.347725556834056260e+00
8.939508409747918272e-01
3.726688735650308670e-01
8.715685190483174694e+00
6.672460364899282403e+00
4.340490381121273167e+00
3.068219621665414731e+00
1.304813223246350518e+00
4.857438190442456283e-01
1.039994619838071088e+01
8.101890675365847727e+00
5.452763715398236677e+00
3.993392558497019795e+00
1.889682723483769644e+00
7.383519251668362315e-01
1.258974516068526306e+01
9.978365783387950216e+00
6.942029465953685197e+00
5.261676212867350877e+00
2.762631805602500101e+00
1.215643266655461074e+00
4.660716645507823941e+00
3.301941165586743221e+00
1.837442044325880985e+00
1.105413808132023057e+00
3.570790966770091002e-01
5.066802673819745806e-01
5.411642847300348613e+00
3.910364061453595053e+00
2.266058690781332263e+00
1.421090201731144642e+00
4.598311452549125322e-01
4.085191410622887043e-01
6.239402543506588295e+00
4.589316340054291565e+00
2.757533937008346037e+00
1.795985691448519717e+00
6.164795340600107698e-01
3.584350812841854417e-01
7.163235228337473615e+00
5.355398462797938741e+00
3.325215880177096572e+00
2.241641602394350841e+00
8.352728260716409947e-01
3.611871838573609828e-01
8.215889386677593720e+00
6.237064987654276749e+00
3.992272029812197420e+00
2.778332013696357183e+00
1.131299208176926863e+00
4.263394469078918281e-01
9.453089224376494570e+00
7.282969251878379957e+00
4.798727703580658144e+00
3.441520636079093087e+00
1.532042433735078424e+00
5.727003360282409972e-01
1.097486842768088877e+01
8.580525027293868234e+00
5.816849727848426355e+00
4.295902778532945554e+00
2.089490376959555196e+00
8.379381684177774625e-01
1.299451598714725975e+01
1.031558784013949825e+01
7.200069486086089654e+00
5.479733772240503065e+00
2.917809314043816382e+00
1.307690148069062586e+00
6.049053408423870515e+00
4.415275091140751229e+00
2.614027533913098722e+00
1.679651885080114759e+00
5.623175016309114316e-01
3.654500459608315266e-01
6.676494609514296741e+00
4.934353884632542098e+00
2.995735229187348914e+00
1.975913669352901136e+00
6.987573734680259108e-01
3.499592559529995928e-01
7.372537245917133220e+00
5.514435434009931747e+00
3.429133381587450735e+00
2.318884357542164487e+00
8.734494017586723613e-01
3.639689370369028620e-01
8.158426148794577060e+00
6.173990654091552344e+00
3.929282127842411931e+00
2.721758454306163699e+00
1.096297994916737517e+00
4.139371295844557208e-01
9.068038705577221137e+00
6.942576936779085273e+00
4.520431359819009565e+00
3.205919756541066867e+00
1.383658787189754769e+00
5.108843539175154103e-01
1.015735959070477534e+01
7.869151107484886332e+00
5.242971435350888498e+00
3.807265585413206033e+00
1.763681324185929489e+00
6.745499740491028851e-01
1.152618695488897593e+01
9.040947303596530205e+00
6.169034228141240028e+00
4.590387916639496524e+00
2.288390615468314682e+00
9.428334059487100127e-01
1.338525374368548881e+01
1.064157010069580167e+01
7.450101198485353571e+00
5.691723869000886893e+00
3.070444360844120535e+00
1.400272676566010954e+00
6.718692945946301620e+00
4.960858538917184646e+00
3.007133874357991843e+00
1.981969709850523120e+00
7.005428606172223738e-01
3.487630743391610388e-01
7.283023091466685806e+00
5.431497002953914688e+00
3.358797336024578417e+00
2.259977608382819803e+00
8.411653109573219433e-01
3.581832468830625782e-01
7.914431024897797151e+00
5.961073573115414526e+00
3.759382380686444591e+00
2.581390045711844827e+00
1.015580709957464522e+00
3.915846283980742859e-01
8.634284822382410240e+00
6.568201338999735128e+00
4.224116079894863596e+00
2.959590389447843251e+00
1.233940475235413281e+00
4.557349226920647811e-01
9.476306182527199695e+00
7.282325166366232949e+00
4.777193550809149869e+00
3.415949836901493342e+00
1.512687982241991635e+00
5.618470306156355676e-01
1.049604720979381689e+01
8.152024874000909804e+00
5.458699326401066365e+00
3.986108789765247629e+00
1.879828884466395733e+00
7.296391816794565166e-01
1.179268970838210429e+01
9.263972147349381459e+00
6.340259471825521409e+00
4.734180477510149920e+00
2.386979338017944485e+00
9.966926874472712417e-01
1.357532346637051113e+01
1.080028447748288301e+01
7.572027322781512026e+00
5.795338566717613382e+00
3.145666367384078566e+00
1.446596367193051735e+00
7.108284480313241005e+00
5.280432143125060485e+00
3.240520394098702184e+00
2.164280067232453142e+00
7.908960851911124301e-01
3.519980270839843661e-01
7.636008262123263890e+00
5.722397904903839816e+00
3.573502299777814528e+00
2.429987429302227220e+00
9.313058589335265758e-01
3.723960332302349019e-01
8.230160460674790457e+00
6.222417268809449453e+00
3.954207513872370239e+00
2.737660312397903972e+00
1.103554136046790646e+00
4.143509426658892880e-01
8.912049731124639607e+00
6.799060923700177561e+00
4.397841441661043405e+00
3.100674646061960527e+00
1.317817002844798857e+00
4.846880041818836249e-01
9.715197446185442232e+00
7.481601073323986384e+00
4.928463693595795725e+00
3.540290512779344478e+00
1.590479073362115470e+00
5.946161427919400833e-01
1.069481184944142349e+01
8.318307507100561438e+00
5.585891657048054348e+00
4.091907641407354745e+00
1.949363558395768914e+00
7.637344703566802950e-01
1.194962132096173590e+01
9.395432146445598320e+00
6.441366806758124675e+00
4.819270880367650278e+00
2.445753699218184973e+00
1.029340348679206762e+00
1.368766833305823916e+01
1.089413696257565078e+01
7.644179762182822913e+00
5.856726619954153001e+00
3.190420514596002288e+00
1.474365898742036718e+00
1.938906925906912937e+00
2.290515409789990020e+00
3.088169199407513332e+00
4.011330601375139970e+00
6.865205168165726235e+00
1.049331399097567896e+01
1.629806067550479298e+00
1.951603267899978622e+00
2.689942505912009896e+00
3.554192476641456544e+00
6.262493355702525299e+00
9.747353847057839360e+00
1.340098145867748780e+00
1.630591666260312600e+00
2.306637318472585019e+00
3.109004236092909323e+00
5.664331666103505469e+00
8.998580894573482425e+00
1.048694112447988491e+00
1.302953984198535142e+00
1.906894448645966911e+00
2.637630608338673355e+00
5.015887340327992661e+00
8.175803492808029205e+00
8.007809625099419071e-01
1.018335824327333272e+00
1.549235614900142055e+00
2.207413896605543435e+00
4.406315464818478134e+00
7.389652890766134519e+00
5.781202272032565093e-01
7.540693796935932225e-01
1.202159490524019603e+00
1.778053564902261963e+00
3.773463487512751513e+00
6.556327240276285551e+00
3.826193819311338729e-01
5.057056808996327479e-01
8.485853314161082572e-01
1.319942850264876011e+00
3.056859322862571560e+00
5.585108955829355182e+00
2.711492836278602825e-01
3.140460305442960842e-01
4.973406448782120570e-01
8.101534386019635381e-01
2.155108053317634109e+00
4.297399834092894721e+00
1.670995411355327365e+00
1.996937472270242209e+00
2.743509452724824271e+00
3.615928125990528486e+00
6.344408918083235704e+00
9.849133885761821361e+00
1.363774323851607129e+00
1.657017156470738328e+00
2.338460915410565999e+00
3.146142837828421523e+00
5.714559101775806838e+00
9.061706425998327319e+00
1.075174698168757548e+00
1.333435798464466471e+00
1.944992570011129018e+00
2.683053201820011502e+00
5.079093934367616470e+00
8.256457706725434775e+00
7.945147232530958004e-01
1.013438720835071249e+00
1.545655013144545009e+00
2.204087514533807912e+00
4.402078041803004105e+00
7.384118079448946048e+00
5.134092621570173209e-01
6.850772604812007671e-01
1.120546835385809459e+00
1.680266755371686127e+00
3.629731533902084362e+00
6.365732665675847279e+00
2.453727639779819947e-01
3.342108004417004841e-01
6.114467752230396957e-01
1.012625452594226427e+00
2.561137343655563559e+00
4.899022927307049358e+00
5.286211111867065160e-01
3.702357871345954843e-01
2.762273853750777941e-01
3.591858803775799802e-01
1.148925616165826780e+00
2.741235871941229085e+00
3.258568342349851932e+00
2.404408697644593751e+00
1.429813904946551029e+00
9.007487964294615956e-01
4.034519992198741800e-01
7.613688489235490575e-01
9.849942644925830937e-01
1.270914881131867569e+00
1.915528492608451927e+00
2.668762736803267810e+00
5.075954162562815064e+00
8.257113935199548393e+00
5.620731482084732056e-01
7.946895210241025076e-01
1.334892499522138953e+00
1.979460257899710474e+00
4.104699479149065411e+00
7.003954123535974574e+00
2.397649141702761777e-01
3.759208865553176904e-01
7.578797655134675848e-01
1.253627225873626738e+00
3.005435213298310870e+00
5.533472027325943898e+00
2.480283744161562720e-01
2.000580810530481202e-01
3.234592436135819149e-01
6.074985416724818510e-01
1.861623240470560603e+00
3.901689172580330212e+00
9.243281062706037998e-01
5.605772175734575757e-01
2.782043193707835482e-01
2.688241080909055114e-01
8.861363630692595805e-01
2.313080137336130271e+00
2.549380273154101761e+00
1.731224737063274066e+00
8.850380482297537377e-01
5.013883277787098969e-01
3.626420744636430493e-01
1.072503192187122867e+00
5.179822033279608995e+00
3.809503467298552160e+00
2.283448699381948277e+00
1.472062383857103196e+00
5.125388798609390451e-01
4.467503200602652158e-01
8.778078313217974937e+00
6.795154321358991112e+00
4.514895122148525175e+00
3.248414652646996803e+00
1.444069353738600459e+00
5.679592585047426034e-01
9.577117089208239120e-01
5.356187420998107518e-01
2.467714686353542075e-01
2.729935653359892855e-01
9.925731016741821122e-01
2.518632492706963433e+00
1.709267524534990867e+00
1.043398467066584345e+00
4.481285110354046308e-01
2.701988928019459779e-01
5.800281317446599472e-01
1.719357257434382280e+00
2.706629093937663377e+00
1.777858771022889695e+00
8.534198625029070229e-01
4.617580814706284675e-01
3.535515723485916362e-01
1.099762024248316372e+00
3.934414502806326652e+00
2.729499770851353535e+00
1.459542423314352355e+00
8.480129779898465392e-01
3.183540200633834250e-01
6.682529224235862486e-01
5.386135872737078500e+00
3.894828444055326244e+00
2.266208290057202035e+00
1.430277511819964209e+00
4.769645359595262590e-01
4.268429997497080741e-01
7.082087211424645368e+00
5.292264743610504141e+00
3.289466300962723633e+00
2.223248067794881599e+00
8.401229695233402017e-01
3.804676856460735834e-01
9.093288369963016038e+00
6.983666131178371650e+00
4.580440623144077072e+00
3.272727796971325542e+00
1.443341653606573960e+00
5.517551653190886363e-01
1.161999597002161799e+01
9.143185397860371211e+00
6.282775786228025794e+00
4.707999781902070247e+00
2.391382024707712883e+00
1.015399619009156984e+00
3.195278364261501025e+00
2.121114945933042950e+00
1.039327815777689734e+00
5.649327203175078527e-01
3.175096544654878450e-01
9.363788387022207171e-01
4.047410683453855462e+00
2.787769238671866656e+00
1.471153444870669569e+00
8.468982099311398448e-01
3.134467771023251581e-01
6.634841890344014281e-01
4.999277364406081503e+00
3.550159650979769488e+00
1.993718804320122606e+00
1.218065713838670128e+00
3.981637014423655696e-01
4.780633532240589623e-01
6.061803209390112634e+00
4.417587266241080890e+00
2.614288836867801891e+00
1.684489018096786861e+00
5.750870278367300470e-01
3.804893418193383559e-01
7.260356541486504334e+00
5.411932110425893505e+00
3.350434463745420643e+00
2.261304470334430938e+00
8.545892881708551103e-01
3.758285363493520936e-01
8.644974342152947244e+00
6.576736805668866204e+00
4.237785717001714580e+00
2.979885334332275981e+00
1.260182549039311484e+00
4.788302668463876310e-01
1.031158800003709075e+01
7.995870754321472873e+00
5.345763615149491166e+00
3.902362981926397190e+00
1.841240185548232100e+00
7.241984556358259661e-01
1.247371180130799218e+01
9.856082171030507766e+00
6.829460091772359576e+00
5.168866773038701901e+00
2.713097807289387653e+00
1.197374379727726090e+00
4.599252837294077523e+00
3.210794612027617845e+00
1.742774767096180843e+00
1.031741074071090836e+00
3.451106782579650423e-01
5.529368036265187580e-01
5.355940577700047278e+00
3.823123961257545833e+00
2.171098563287185090e+00
1.343811061471659185e+00
4.376111726311098238e-01
4.379192522977058966e-01
6.187057648285882117e+00
4.504945970939647992e+00
2.662830794359757558e+00
1.716493965821304535e+00
5.865937622897191561e-01
3.744551224905091624e-01
7.110891686925704391e+00
5.272054703585385305e+00
3.230673580387761312e+00
2.160745413092609368e+00
7.997314972541887945e-01
3.666941390865620098e-01
8.158716967187519487e+00
6.151690380016108683e+00
3.896883902567009450e+00
2.696071239973476974e+00
1.091477900364606235e+00
4.236274280023860639e-01
9.384648697553879870e+00
7.191227964736278899e+00
4.700597376170354558e+00
3.357223360335077622e+00
1.488735399650093383e+00
5.634985868170044876e-01
1.088732214747903448e+01
8.477174988233711517e+00
5.713728689804762340e+00
4.208767504578855956e+00
2.043384409097254384e+00
8.236696582939183608e-01
1.287955624264742127e+01
1.019593671285215208e+01
7.091353330720858494e+00
5.390984303819728041e+00
2.871358193282795401e+00
1.290715469262599724e+00
6.006991861512363862e+00
4.339573131611269119e+00
2.526319170647863377e+00
1.606267236374443907e+00
5.369214231563931294e-01
3.845359372986145718e-01
6.635037489863642612e+00
4.859659990560179388e+00
2.908050355492562300e+00
1.901276508040606439e+00
6.689692435665625103e-01
3.611708853561218513e-01
7.329669477010532397e+00
5.439556557658570490e+00
3.341209472800737323e+00
2.243198925182005254e+00
8.400526743682545927e-01
3.684666983551628805e-01
8.111462474121495347e+00
6.097239060789516607e+00
3.840550400200070769e+00
2.645002973417019732e+00
1.059906514771143948e+00
4.127206846182686628e-01
9.013157939541247998e+00
6.861408373465344823e+00
4.429782455376234829e+00
3.127678550241656641e+00
1.344636212074264758e+00
5.047717095059842674e-01
1.008939554364563307e+01
7.780048959122829011e+00
5.148746946718650186e+00
3.726767126048212919e+00
1.722185965934741381e+00
6.641819200321625871e-01
1.143865353838983268e+01
8.939639623967474691e+00
6.069448603881251181e+00
4.506993258925497514e+00
2.244795225318525489e+00
9.289108715880549649e-01
1.327106174817413198e+01
1.052429260201616223e+01
7.345075111693509129e+00
5.606942804669650116e+00
3.027117370651563277e+00
1.384750354334383760e+00
6.682540684108338347e+00
4.890780255740637017e+00
2.923025028831040206e+00
1.910182812719390943e+00
6.721025624678427235e-01
3.598403350247176835e-01
7.245597126097791829e+00
5.361157262429508741e+00
3.274405379938495120e+00
2.187272847345933080e+00
8.097954357434024031e-01
3.638765558877082862e-01
7.873960294546538563e+00
5.889365315348108254e+00
3.674332527809943016e+00
2.507745021450512812e+00
9.816562860368438503e-01
3.924955895102004710e-01
8.588386711057767187e+00
6.493584979895833165e+00
4.137793674301035729e+00
2.884826262857690171e+00
1.197746876652850290e+00
4.523933140534395769e-01
9.421562070446640291e+00
7.202502821640856645e+00
4.688537829796867840e+00
3.339586672404994960e+00
1.474348716511104440e+00
5.546845123073556039e-01
1.042777671772484460e+01
8.063816723013419008e+00
5.366195222697458078e+00
3.907405379099873066e+00
1.839356845792980089e+00
7.190021369665967610e-01
1.170491750529010133e+01
9.163485724426278622e+00
6.242325010148448428e+00
4.652598114981301158e+00
2.344685270458536142e+00
9.830820568877060017e-01
1.346141698122079333e+01
1.068410728879721638e+01
7.468788813037247287e+00
5.712507547955356202e+00
3.103912043516687369e+00
1.431850645521977716e+00
7.074553033460547979e+00
5.212998504412253098e+00
3.158387847905508750e+00
2.093605134306137483e+00
7.613452800133436726e-01
3.594744336342635127e-01
7.600126610156298312e+00
5.654070588041005152e+00
3.490874151461217156e+00
2.358472435405762901e+00
8.994237750940545784e-01
3.755700339736838256e-01
8.190485695391641841e+00
6.152149106492260877e+00
3.870682252365084342e+00
2.665206144796437471e+00
1.069561208717549450e+00
4.136052970198648149e-01
8.866353555958133015e+00
6.725397429723097176e+00
4.312802540088699566e+00
3.027050733991515141e+00
1.281871191570822299e+00
4.803628985667295348e-01
9.660265589497717187e+00
7.402376372727742293e+00
4.840890268234897320e+00
3.465004211043783755e+00
1.552610697550373953e+00
5.869834425304918391e-01
1.062621186265108264e+01
8.230518216761238293e+00
5.494351784067797340e+00
4.014247487216045407e+00
1.909532117321334654e+00
7.530173234002751625e-01
1.186163934666039310e+01
9.295382686077449108e+00
6.344388841126585632e+00
4.738757718736921198e+00
2.404251869833999855e+00
1.015954851597331343e+00
1.357390492821012096e+01
1.077859450659142482e+01
7.541996490042164325e+00
5.775054759020847861e+00
3.149612221068756046e+00
1.460100526824539280e+00
2.817095220848111481e+00
3.238881582710706031e+00
4.176128257132004862e+00
5.237885367890161348e+00
8.434038433932641965e+00
1.239869675379053859e+01
2.392978179379092296e+00
2.781918789760795985e+00
3.653809534516012647e+00
4.650650466777868530e+00
7.686371451102122165e+00
1.149313201859990308e+01
1.999315018025778823e+00
2.354482244799528168e+00
3.159163238295788378e+00
4.089234765380426850e+00
6.959893791241847261e+00
1.060412744554252384e+01
1.630321006445694110e+00
1.949876625154385978e+00
2.683690851524096477e+00
3.543361885281170132e+00
6.239990364329279338e+00
9.712878416059805176e+00
1.292361922456514378e+00
1.574568144680615456e+00
2.234054967723840157e+00
3.019884874037805034e+00
5.533963701684371905e+00
8.827095782051644690e+00
9.575434300939866805e-01
1.195373820993787195e+00
1.766522401457871316e+00
2.464553728455324944e+00
4.761414420752725363e+00
7.840425789640914189e+00
6.180950964917002466e-01
7.969995685625351767e-01
1.250851185684482392e+00
1.832311750767154468e+00
3.840812948190827747e+00
6.635643329152332015e+00
3.338405346782602479e-01
4.252962133833497749e-01
7.050980614804874813e-01
1.113618913337722116e+00
2.694469982506914274e+00
5.068066139175091855e+00
2.451666467581124831e+00
2.845353551822242810e+00
3.726665101618028331e+00
4.732849272736395108e+00
7.791649873643597957e+00
1.162113264092211651e+01
2.038745697542718283e+00
2.397584576054105909e+00
3.209447478634045670e+00
4.146575394077749444e+00
7.034594937418535032e+00
1.069592670511997312e+01
1.657182551832347528e+00
1.980283764715162320e+00
2.720545779174303291e+00
3.586220677463098028e+00
6.297175933567609185e+00
9.784051567228567947e+00
1.274385604088781765e+00
1.558255884472252939e+00
2.218444910378524426e+00
3.003175622426254687e+00
5.512107906704052596e+00
8.799538707569412921e+00
8.436139370329976961e-01
1.079619589201296970e+00
1.638546329340777152e+00
2.317898354661262150e+00
4.559064306872649297e+00
7.580724288040089576e+00
3.526925301476809271e-01
5.039041276780560352e-01
8.949466688384304369e-01
1.401432415551934429e+00
3.199394414146467636e+00
5.779376126819098403e+00
4.034683047789293098e-01
2.897881793181061871e-01
2.823084453147763351e-01
4.440448313722507034e-01
1.413640141878701240e+00
3.177838491205630778e+00
3.064461232635045551e+00
2.213124459637947350e+00
1.273191554543435355e+00
7.874544505315630438e-01
3.957248703309896309e-01
8.546459328353919194e-01
1.488286110592661915e+00
1.852389746916715652e+00
2.637034859356046201e+00
3.518778552667177539e+00
6.230086650797851178e+00
9.706808299090985415e+00
8.753269416823408200e-01
1.187911433697790731e+00
1.866540534317146616e+00
2.633201436206370261e+00
5.039379109911465093e+00
8.209337276837333164e+00
3.561848894046029113e-01
5.677930093467314920e-01
1.080058362011022455e+00
1.687240579570527643e+00
3.687322970140044287e+00
6.451923607193348786e+00
2.039473283762002209e-01
2.123970000722401053e-01
4.421504193863552423e-01
8.182605978279513526e-01
2.273242992605805313e+00
4.502690342295673886e+00
8.078527208135353188e-01
4.674212798151012871e-01
2.507271844369469704e-01
3.058288962644460374e-01
1.066581400242002431e+00
2.628348274996791467e+00
2.446013601454346098e+00
1.617746832753464536e+00
7.940783026513796861e-01
4.471169653724860193e-01
3.992097435112298420e-01
1.195390191178096639e+00
5.122223062855339570e+00
3.721312865081249477e+00
2.187856553115755442e+00
1.393235587325472702e+00
4.877269594089023164e-01
4.743254747872412969e-01
8.764532377987908518e+00
6.745417012424888448e+00
4.444499254640290609e+00
3.183818385205630541e+00
1.410762070547923130e+00
5.648353473398037838e-01
8.799377024877677034e-01
4.696040596151154767e-01
2.359482075535136447e-01
3.201539761452784072e-01
1.166249130864943861e+00
2.809647479474952192e+00
1.640438846714275645e+00
9.661979166108547457e-01
3.999570865228436745e-01
2.637842767369463215e-01
6.713123774116893649e-01
1.902090128366649147e+00
2.661348798518908154e+00
1.707687124409616564e+00
7.896388385614584449e-01
4.254736636620858325e-01
3.899932100611473995e-01
1.205262721045399221e+00
3.918832307446017627e+00
2.677064271143750673e+00
1.395670212088011564e+00
7.999441549800668794e-01
3.223422883069092526e-01
7.225887049955747043e-01
5.398702571969685948e+00
3.863546434362415294e+00
2.211276513054659443e+00
1.382486308463445113e+00
4.653415191050472854e-01
4.508349672095866567e-01
7.116718707519920528e+00
5.280671199882755573e+00
3.247492254980568926e+00
2.182746855552929688e+00
8.244511659511425394e-01
3.893992435616019376e-01
9.144214399554204675e+00
6.989880962032446021e+00
4.554230596547844456e+00
3.244798398613983448e+00
1.432293054109621266e+00
5.568863356440836299e-01
1.169129446760455338e+01
9.174463489171255759e+00
6.283102338406382437e+00
4.704849211824564392e+00
2.397860218413726319e+00
1.029349781283898535e+00
3.185180644648579307e+00
2.075730156182646446e+00
9.865880961172948105e-01
5.310168921540403542e-01
3.401652329653490070e-01
1.013148136705865676e+00
4.057822622213178576e+00
2.755939493298307230e+00
1.421105951936720180e+00
8.084770984005447136e-01
3.190833056577292992e-01
7.119411322502424699e-01
5.029085532166760686e+00
3.532951271173217389e+00
1.949954089179873229e+00
1.180100784139697323e+00
3.938492495942061411e-01
5.069957724134568355e-01
6.108718889470615032e+00
4.414852812774342716e+00
2.579145466162766631e+00
1.650629976388618525e+00
5.663686681897909247e-01
3.969430039478472616e-01
7.320910845417721191e+00
5.422329865676577043e+00
3.325075622682896359e+00
2.234028448502188624e+00
8.457836773086986337e-01
3.855517870176970452e-01
8.715698361349261347e+00
6.598799160381267903e+00
4.223108351176382946e+00
2.961299506182803576e+00
1.254972503287798746e+00
4.866652448724458346e-01
1.039114811517864112e+01
8.030160471120565191e+00
5.344486077141570313e+00
3.896173779330619258e+00
1.844261857636528168e+00
7.352330202529773207e-01
1.256966415421952554e+01
9.912100653625959268e+00
6.852969181491816997e+00
5.186942591585529172e+00
2.735390261650955779e+00
1.221017118640239207e+00
4.633848660776102690e+00
3.197815578612975163e+00
1.703495172178225214e+00
9.986995714860301687e-01
3.462448101474923101e-01
5.877331740766146284e-01
5.404555073972293400e+00
3.821403854126379951e+00
2.137739735661524865e+00
1.312816971760835782e+00
4.338026991336771943e-01
4.612704757251034904e-01
6.248055020742167009e+00
4.514061300498005913e+00
2.636389270178630007e+00
1.689295814286380759e+00
5.806645458958701322e-01
3.900210263657247767e-01
7.182380184752098273e+00
5.291351038078044411e+00
3.211919893401838255e+00
2.138834402660055645e+00
7.941231971309583582e-01
3.776198146872191685e-01
8.238399703843763078e+00
6.180179803641099312e+00
3.886332443003526649e+00
2.680705664038745439e+00
1.088377688864771597e+00
4.327631079407247006e-01
9.470651773525279538e+00
7.228368796160826726e+00
4.699209424011085545e+00
3.350068957268540260e+00
1.490565134954386473e+00
5.737222772421756156e-01
1.097990378332583461e+01
8.524632443458871833e+00
5.724662707772597336e+00
4.213571985122077201e+00
2.054169867765073931e+00
8.388860622366195452e-01
1.298723728710451830e+01
1.026388110428143996e+01
7.126250060785951135e+00
5.419628769496698695e+00
2.901774902141317281e+00
1.319631994337000513e+00
6.078184297313448781e+00
4.357088135147133556e+00
2.506308385519952608e+00
1.584397027511944334e+00
5.342075747250940587e-01
4.013424461794873332e-01
6.714065848945011794e+00
4.884536718208014605e+00
2.893354648037383736e+00
1.882907850437187891e+00
6.661791269067455223e-01
3.743792732080468144e-01
7.415481677039435837e+00
5.471393107708534487e+00
3.332154613706361346e+00
2.229013357966160847e+00
8.383098374786422946e-01
3.795088727735582701e-01
8.202971962113666748e+00
6.135677328436001332e+00
3.837569985720984178e+00
2.635795808478507141e+00
1.060396969151741642e+00
4.230210487800405428e-01
9.109137476870181160e+00
6.906069419448196633e+00
4.433410614073050482e+00
3.124387449836240727e+00
1.348691762930712246e+00
5.158720669211789289e-01
1.018914980866461306e+01
7.831192203288350306e+00
5.160240189005197209e+00
3.731052886924919765e+00
1.731739745118427987e+00
6.780528914030797827e-01
1.154352341579975416e+01
8.999732675892222034e+00
6.092375201611806013e+00
4.522774550127893534e+00
2.263655164410594889e+00
9.488932206577732620e-01
1.339010721602833520e+01
1.060387744826728529e+01
7.391206900645211242e+00
5.646094945680666832e+00
3.065751389939899596e+00
1.419158255938002489e+00
6.768322215772260009e+00
4.921467533228338631e+00
2.912756098759380130e+00
1.895311539123568645e+00
6.710012957009906520e-01
3.730046416880037352e-01
7.336882537676541638e+00
5.397500485945527338e+00
3.268737578022974599e+00
2.175837790991383969e+00
8.096402769497968999e-01
3.754305889291286724e-01
7.970002405303229231e+00
5.931110011228968304e+00
3.673537234731180767e+00
2.500256310226514511e+00
9.832164677854784429e-01
4.033641134583012544e-01
8.688434998903179718e+00
6.540561827687086272e+00
4.142305304336073135e+00
2.881973098388100674e+00
1.201938202608226147e+00
4.635931182748077584e-01
9.524793003940429159e+00
7.254599300812153650e+00
4.698976195520050858e+00
3.342287582987899519e+00
1.482321248142744796e+00
5.674375862375121704e-01
1.053391874461951083e+01
8.121599644796793527e+00
5.383966478989516524e+00
3.917376470555596679e+00
1.852947949282886642e+00
7.350514485652356322e-01
1.181568761797172584e+01
9.229711912483717029e+00
6.271161204875677520e+00
4.673846124561164217e+00
2.367668543753988608e+00
1.005623520911142821e+00
1.358601607408053624e+01
1.076940886636966610e+01
7.520478505494248900e+00
5.756885031734455538e+00
3.146679686293210931e+00
1.469072608003108904e+00
7.167982463978985308e+00
5.250861154722752389e+00
3.153767029208192074e+00
2.083061891938667198e+00
7.618712316011612140e-01
3.715706496379817536e-01
7.697924880521269664e+00
5.696712635622933618e+00
3.490416763572159908e+00
2.351223639252538966e+00
9.012560180794784159e-01
3.868667575456938845e-01
8.292060660386846749e+00
6.199404404280631553e+00
3.874661258111480322e+00
2.661713061734318320e+00
1.073342150812488294e+00
4.248352181981714382e-01
8.971120586737828972e+00
6.777198481063192226e+00
4.321671507972134840e+00
3.027974892439894372e+00
1.288417653363420179e+00
4.923848447200740996e-01
9.767600197139993057e+00
7.458747310462774394e+00
4.855324193255268206e+00
3.471272303441350626e+00
1.563008280852029142e+00
6.008924089818217240e-01
1.073604942471969004e+01
8.292179954505725092e+00
5.515838084419143250e+00
4.027613427901598264e+00
1.925587675233397578e+00
7.704656890209571340e-01
1.197587834286464314e+01
9.365233072933962788e+00
6.376742552490073379e+00
4.763276346629076841e+00
2.429730948963059411e+00
1.040079571814619630e+00
1.370179698908487786e+01
1.086729356988490380e+01
7.597001155264579531e+00
5.822557293089669628e+00
3.194866039294400828e+00
1.499029799364734572e+00
