# data from sep on SN5550 with a SB cutoff of 25 mag/sqr-arcsec on 2016-05-18
# thresh, npix, tnpix, xmin, xmax, ymin, ymax, x, y, x2, y2, xy, a, b, theta, cxx, cyy, cxy, cflux, flux, cpeak, peak, xcpeak, ycpeak, xpeak, ypeak, flag
1.217466397540567072e-20,1.040000000000000000e+02,1.020000000000000000e+02,1.299000000000000000e+03,1.310000000000000000e+03,3.100000000000000000e+01,4.100000000000000000e+01,1.304699438893305796e+03,3.619208350219638248e+01,6.413333069464655978e+00,5.840734375109203569e+00,5.041016945431309182e-02,2.533325433731079102e+00,2.415849685668945312e+00,8.714428544044494629e-02,1.559357345104217529e-01,1.712229698896408081e-01,-2.691698260605335236e-03,3.116306591252169337e-18,3.177057423775054487e-18,6.048488103125228024e-20,6.368042190921240870e-20,1.305000000000000000e+03,3.600000000000000000e+01,1.305000000000000000e+03,3.600000000000000000e+01,0.000000000000000000e+00
1.217466397540567072e-20,8.500000000000000000e+01,8.200000000000000000e+01,1.321000000000000000e+03,1.330000000000000000e+03,3.200000000000000000e+01,4.100000000000000000e+01,1.325565987246483473e+03,3.659878899772624550e+01,5.408735914536027423e+00,5.273098860353293560e+00,-8.033432989582323103e-02,2.333677530288696289e+00,2.288183689117431641e+00,-4.348385035991668701e-01,1.849279254674911499e-01,1.896847337484359741e-01,5.634660832583904266e-03,2.029156553858679051e-18,2.076092642971316086e-18,4.189094976678846175e-20,4.402015143759116841e-20,1.326000000000000000e+03,3.700000000000000000e+01,1.326000000000000000e+03,3.700000000000000000e+01,0.000000000000000000e+00
1.217466397540567072e-20,1.340000000000000000e+02,1.250000000000000000e+02,1.733000000000000000e+03,1.746000000000000000e+03,4.100000000000000000e+01,5.300000000000000000e+01,1.739392724461978787e+03,4.655056374875724146e+01,7.193428521779644313e+00,7.035333535726465470e+00,4.128123593699228877e-02,2.683944702148437500e+00,2.650510072708129883e+00,2.406378239393234253e-01,1.390204578638076782e-01,1.421444565057754517e-01,-1.631460967473685741e-03,5.707725311218508687e-18,5.787683070769722001e-18,1.017032004818901513e-19,1.071049483758028448e-19,1.739000000000000000e+03,4.600000000000000000e+01,1.739000000000000000e+03,4.600000000000000000e+01,0.000000000000000000e+00
1.217466397540567072e-20,8.900000000000000000e+01,8.700000000000000000e+01,1.101000000000000000e+03,1.111000000000000000e+03,1.180000000000000000e+02,1.280000000000000000e+02,1.106027134455628357e+03,1.230275416846225625e+02,5.464844397324363001e+00,5.413659768986907039e+00,2.994585606877819828e-02,2.340650320053100586e+00,2.323760032653808594e+00,4.318132400512695312e-01,1.829933673143386841e-01,1.847235262393951416e-01,-2.024468965828418732e-03,2.264858567478367213e-18,2.316750088845656298e-18,4.807989572286460810e-20,5.071122510605541262e-20,1.106000000000000000e+03,1.230000000000000000e+02,1.106000000000000000e+03,1.230000000000000000e+02,0.000000000000000000e+00
1.217466397540567072e-20,5.000000000000000000e+01,5.000000000000000000e+01,6.240000000000000000e+02,6.310000000000000000e+02,1.310000000000000000e+02,1.380000000000000000e+02,6.274346441488227129e+02,1.343299678826748789e+02,3.422299108914172550e+00,3.503849050505404961e+00,-1.615455152462068611e-01,1.905173540115356445e+00,1.815616130828857422e+00,-9.090188145637512207e-01,2.928385436534881592e-01,2.860229015350341797e-01,2.700273506343364716e-02,9.171604924059334723e-19,9.479128962315470896e-19,2.605535242128501537e-20,2.740105895563515113e-20,6.280000000000000000e+02,1.340000000000000000e+02,6.280000000000000000e+02,1.340000000000000000e+02,0.000000000000000000e+00
1.217466397540567072e-20,6.100000000000000000e+01,6.100000000000000000e+01,4.030000000000000000e+02,4.110000000000000000e+02,1.950000000000000000e+02,2.030000000000000000e+02,4.070015044157112811e+02,1.990004002404445203e+02,4.066277388745994870e+00,4.035709832162009292e+00,1.132745372281007690e-02,2.017428398132324219e+00,2.007976531982421875e+00,3.189040124416351318e-01,2.459271103143692017e-01,2.477898150682449341e-01,-1.380539266392588615e-03,1.263397100317434186e-18,1.303070440254279068e-18,3.288457171439415079e-20,3.470346756439009958e-20,4.070000000000000000e+02,1.990000000000000000e+02,4.070000000000000000e+02,1.990000000000000000e+02,0.000000000000000000e+00
1.217466397540567072e-20,9.500000000000000000e+01,9.200000000000000000e+01,1.683000000000000000e+03,1.693000000000000000e+03,1.950000000000000000e+02,2.050000000000000000e+02,1.688032711174837459e+03,2.000547561227992333e+02,5.832737929127063126e+00,5.571518668704147359e+00,8.688455814660045462e-03,2.415165901184082031e+00,2.360345363616943359e+00,3.321222960948944092e-02,1.714464724063873291e-01,1.794846951961517334e-01,-5.347213591448962688e-04,2.628859396032327041e-18,2.685770456151741037e-18,5.406840224558723115e-20,5.700469954969441228e-20,1.688000000000000000e+03,2.000000000000000000e+02,1.688000000000000000e+03,2.000000000000000000e+02,0.000000000000000000e+00
1.217466397540567072e-20,6.000000000000000000e+01,6.000000000000000000e+01,1.080000000000000000e+02,1.160000000000000000e+02,1.980000000000000000e+02,2.060000000000000000e+02,1.121956840564326257e+02,2.016269441793627095e+02,4.083615428316033302e+00,3.961166984149985026e+00,9.569060886335734040e-02,2.033713817596435547e+00,1.977066159248352051e+00,5.008074641227722168e-01,2.450197339057922363e-01,2.525938451290130615e-01,-1.183797046542167664e-02,1.251494178097949256e-18,1.290647014634345146e-18,3.214581541685333465e-20,3.384826620858683809e-20,1.120000000000000000e+02,2.020000000000000000e+02,1.120000000000000000e+02,2.020000000000000000e+02,0.000000000000000000e+00
1.217466397540567072e-20,2.790000000000000000e+02,2.750000000000000000e+02,4.100000000000000000e+02,4.260000000000000000e+02,2.580000000000000000e+02,2.770000000000000000e+02,4.179685162767905240e+02,2.674025678986282628e+02,1.377350151793632449e+01,1.875034492778073059e+01,-1.295458245843036593e+00,4.366618633270263672e+00,3.668308973312377930e+00,-1.330802798271179199e+00,7.307805866003036499e-02,5.368118360638618469e-02,1.009790133684873581e-02,8.044541560953782607e-18,8.089512889316453063e-18,6.618307623953720065e-20,6.804876918645348343e-20,4.180000000000000000e+02,2.670000000000000000e+02,4.180000000000000000e+02,2.670000000000000000e+02,0.000000000000000000e+00
1.217466397540567072e-20,5.300000000000000000e+01,5.300000000000000000e+01,3.600000000000000000e+02,3.670000000000000000e+02,3.230000000000000000e+02,3.300000000000000000e+02,3.634349605137018102e+02,3.261331225169648746e+02,3.834662418570161435e+00,3.520465805890269806e+00,1.196187706549878271e-01,1.968506813049316406e+00,1.865504980087280273e+00,3.253869414329528809e-01,2.610558569431304932e-01,2.843547165393829346e-01,-1.774036884307861328e-02,9.650963326864174100e-19,9.954274947850883979e-19,2.601088823218602235e-20,2.728502748767898229e-20,3.630000000000000000e+02,3.260000000000000000e+02,3.630000000000000000e+02,3.260000000000000000e+02,0.000000000000000000e+00
1.217466397540567072e-20,1.430000000000000000e+02,1.390000000000000000e+02,8.760000000000000000e+02,8.880000000000000000e+02,3.690000000000000000e+02,3.810000000000000000e+02,8.819162716402755677e+02,3.749683849262137301e+02,7.252810265066095496e+00,7.442210621184507602e+00,2.190605937816059168e-02,2.728499889373779297e+00,2.692639827728271484e+00,1.457135438919067383e+00,1.378788203001022339e-01,1.343698650598526001e-01,-8.116893586702644825e-04,6.873190534261835113e-18,6.959807511334406576e-18,1.234016472140163196e-19,1.301425229714699381e-19,8.820000000000000000e+02,3.750000000000000000e+02,8.820000000000000000e+02,3.750000000000000000e+02,0.000000000000000000e+00
1.217466397540567072e-20,6.900000000000000000e+01,6.800000000000000000e+01,2.006000000000000000e+03,2.014000000000000000e+03,4.080000000000000000e+02,4.160000000000000000e+02,2.009963412323412058e+03,4.119855501105013218e+02,4.571862239539882466e+00,4.635060941920386313e+00,6.580541842614806569e-03,2.153076648712158203e+00,2.138032913208007812e+00,1.468138933181762695e+00,2.187297046184539795e-01,2.157473415136337280e-01,-6.210748688317835331e-04,1.367381354736015880e-18,1.401905288564565027e-18,3.112844788689846632e-20,3.266954352922157701e-20,2.010000000000000000e+03,4.120000000000000000e+02,2.010000000000000000e+03,4.120000000000000000e+02,0.000000000000000000e+00
1.217466397540567072e-20,6.100000000000000000e+01,6.100000000000000000e+01,1.184000000000000000e+03,1.192000000000000000e+03,4.840000000000000000e+02,4.920000000000000000e+02,1.187995796830759673e+03,4.878999517459744197e+02,4.255863220650272893e+00,4.465575334565912158e+00,2.465933754050393389e-01,2.151436805725097656e+00,2.023056745529174805e+00,9.864259958267211914e-01,2.357241809368133545e-01,2.246541231870651245e-01,-2.603383362293243408e-02,1.009954027112438393e-18,1.032999382375742314e-18,2.236177772873407298e-20,2.315150095358779998e-20,1.188000000000000000e+03,4.880000000000000000e+02,1.188000000000000000e+03,4.880000000000000000e+02,0.000000000000000000e+00
1.217466397540567072e-20,2.211000000000000000e+03,2.210000000000000000e+03,1.000000000000000000e+03,1.059000000000000000e+03,5.110000000000000000e+02,5.740000000000000000e+02,1.031921790778515287e+03,5.427538548369440150e+02,1.325602142206180361e+02,2.244687874167229893e+02,5.256131410793545911e+01,1.575855445861816406e+01,1.042578411102294922e+01,1.144614458084106445e+00,8.315833285450935364e-03,4.910921677947044373e-03,-3.894449211657047272e-03,4.226757603397757743e-17,4.232953847930269963e-17,4.501719488140166743e-20,4.570588413366315089e-20,1.035000000000000000e+03,5.460000000000000000e+02,1.035000000000000000e+03,5.460000000000000000e+02,0.000000000000000000e+00
1.217466397540567072e-20,6.000000000000000000e+01,6.000000000000000000e+01,2.170000000000000000e+02,2.250000000000000000e+02,6.290000000000000000e+02,6.370000000000000000e+02,2.209454779594237834e+02,6.330902476225105602e+02,4.013947150677299902e+00,4.028048419720331452e+00,1.012152818747829031e-01,2.030383825302124023e+00,1.979782104492187500e+00,8.201718926429748535e-01,2.492892891168594360e-01,2.484165877103805542e-01,-1.252809446305036545e-02,1.189539487591069743e-18,1.226067163055952031e-18,3.093192786793176654e-20,3.261562169304077652e-20,2.210000000000000000e+02,6.330000000000000000e+02,2.210000000000000000e+02,6.330000000000000000e+02,0.000000000000000000e+00
1.217466397540567072e-20,7.200000000000000000e+01,7.100000000000000000e+01,2.021000000000000000e+03,2.030000000000000000e+03,6.590000000000000000e+02,6.680000000000000000e+02,2.025731524504836671e+03,6.633058273190760019e+02,4.565994346983288210e+00,4.773170552107679043e+00,-6.862136590323686391e-02,2.189483404159545898e+00,2.131977319717407227e+00,-1.278259396553039551e+00,2.190576791763305664e-01,2.095496207475662231e-01,6.298554129898548126e-03,1.605401542022383902e-18,1.649056619235329352e-18,3.707304921367042320e-20,3.903405857031210349e-20,2.026000000000000000e+03,6.630000000000000000e+02,2.026000000000000000e+03,6.630000000000000000e+02,0.000000000000000000e+00
1.217466397540567072e-20,5.700000000000000000e+01,5.700000000000000000e+01,2.700000000000000000e+01,3.400000000000000000e+01,6.720000000000000000e+02,6.800000000000000000e+02,3.039794569161811921e+01,6.761427359925000928e+02,3.610383979825739331e+00,4.095475691645571459e+00,8.221825417732553376e-02,2.027074813842773438e+00,1.896530389785766602e+00,1.407384276390075684e+00,2.771055400371551514e-01,2.442835569381713867e-01,-1.112600136548280716e-02,1.116657844589941304e-18,1.152736981367666712e-18,2.969118926084490288e-20,3.126971482588603808e-20,3.000000000000000000e+01,6.760000000000000000e+02,3.000000000000000000e+01,6.760000000000000000e+02,0.000000000000000000e+00
1.217466397540567072e-20,6.800000000000000000e+01,6.800000000000000000e+01,1.199000000000000000e+03,1.207000000000000000e+03,6.800000000000000000e+02,6.880000000000000000e+02,1.202852051666786338e+03,6.841957812931582339e+02,4.474040730724487602e+00,4.546198687357684065e+00,3.071737318998657429e-02,2.134831190109252930e+00,2.112518787384033203e+00,1.218145370483398438e+00,2.235219627618789673e-01,2.199741899967193604e-01,-3.020548960193991661e-03,1.452064590331591503e-18,1.491896335355740290e-18,3.382883069536610973e-20,3.552146194849981375e-20,1.203000000000000000e+03,6.840000000000000000e+02,1.203000000000000000e+03,6.840000000000000000e+02,0.000000000000000000e+00
1.217466397540567072e-20,8.200000000000000000e+01,8.000000000000000000e+01,3.660000000000000000e+02,3.760000000000000000e+02,7.330000000000000000e+02,7.420000000000000000e+02,3.708578001657180039e+02,7.373112639568228133e+02,5.178829087437033962e+00,5.114430465413978055e+00,8.634321625773822007e-03,2.275954008102416992e+00,2.261259078979492188e+00,1.309944689273834229e-01,1.930943876504898071e-01,1.955257356166839600e-01,-6.519744638353586197e-04,2.087614648518720346e-18,2.138635769086450508e-18,4.554499104217305143e-20,4.799762356365825970e-20,3.710000000000000000e+02,7.370000000000000000e+02,3.710000000000000000e+02,7.370000000000000000e+02,0.000000000000000000e+00
1.217466397540567072e-20,6.700000000000000000e+01,6.700000000000000000e+01,1.520000000000000000e+02,1.600000000000000000e+02,8.040000000000000000e+02,8.120000000000000000e+02,1.560920443922387904e+02,8.078617547187041055e+02,4.363162460436619483e+00,4.360350753030880711e+00,1.643417629581929162e-01,2.127464294433593750e+00,2.048757791519165039e+00,7.811210155487060547e-01,2.295173853635787964e-01,2.296653836965560913e-01,-1.730103604495525360e-02,1.527009428575580331e-18,1.571964626916306003e-18,3.758038881015245869e-20,3.966538478579759515e-20,1.560000000000000000e+02,8.080000000000000000e+02,1.560000000000000000e+02,8.080000000000000000e+02,0.000000000000000000e+00
1.217466397540567072e-20,7.500000000000000000e+01,7.500000000000000000e+01,1.608000000000000000e+03,1.617000000000000000e+03,8.120000000000000000e+02,8.200000000000000000e+02,1.612142950966943090e+03,8.160083902095965414e+02,5.454851199127038086e+00,4.980016189761283130e+00,6.067800065822588351e-01,2.422603607177734375e+00,2.136787176132202148e+00,5.989172458648681641e-01,1.858418434858322144e-01,2.035615146160125732e-01,-4.528705030679702759e-02,1.381389348216871696e-18,1.411550317904509899e-18,2.684295114905767356e-20,2.782655937026272145e-20,1.612000000000000000e+03,8.160000000000000000e+02,1.612000000000000000e+03,8.160000000000000000e+02,0.000000000000000000e+00
1.217466397540567072e-20,8.900000000000000000e+01,8.800000000000000000e+01,1.371000000000000000e+03,1.380000000000000000e+03,8.110000000000000000e+02,8.210000000000000000e+02,1.375673172157192539e+03,8.161307773183868903e+02,5.134956270204359186e+00,5.827024927864513870e+00,2.728949738951200743e-01,2.433451175689697266e+00,2.245060443878173828e+00,1.236909866333007812e+00,1.952295303344726562e-01,1.720423549413681030e-01,-1.828623004257678986e-02,2.428722840029968857e-18,2.484558772148217055e-18,5.088492010999447729e-20,5.361647728779771293e-20,1.376000000000000000e+03,8.160000000000000000e+02,1.376000000000000000e+03,8.160000000000000000e+02,0.000000000000000000e+00
1.217466397540567072e-20,6.640000000000000000e+02,6.590000000000000000e+02,1.003000000000000000e+03,1.031000000000000000e+03,7.940000000000000000e+02,8.270000000000000000e+02,1.016494215677976285e+03,8.086319605419712389e+02,1.325070039456321069e+01,1.403812104010452799e+01,9.709315729878653656e-03,3.746763944625854492e+00,3.640134811401367188e+00,1.558468341827392578e+00,7.546775043010711670e-02,7.123464345932006836e-02,-1.043929150910116732e-04,2.381582685460214991e-16,2.382240194785521141e-16,3.108938479945853243e-18,3.252614996057791971e-18,1.016000000000000000e+03,8.090000000000000000e+02,1.016000000000000000e+03,8.090000000000000000e+02,0.000000000000000000e+00
1.217466397540567072e-20,7.300000000000000000e+01,7.300000000000000000e+01,3.350000000000000000e+02,3.440000000000000000e+02,9.070000000000000000e+02,9.160000000000000000e+02,3.395842785969053921e+02,9.112429481157115561e+02,4.575215774154671067e+00,4.965664415870630677e+00,-2.520019099182739808e-01,2.255928993225097656e+00,2.109896898269653320e+00,-1.114957571029663086e+00,2.191815972328186035e-01,2.019474059343338013e-01,2.224644087255001068e-02,1.589844239254216265e-18,1.630870950070774470e-18,3.559216004147895533e-20,3.741433553335670617e-20,3.390000000000000000e+02,9.110000000000000000e+02,3.390000000000000000e+02,9.110000000000000000e+02,0.000000000000000000e+00
1.217466397540567072e-20,7.700000000000000000e+01,7.700000000000000000e+01,1.278000000000000000e+03,1.287000000000000000e+03,9.470000000000000000e+02,9.560000000000000000e+02,1.282286347805869127e+03,9.512488819045945547e+02,5.065634435767691457e+00,5.113038860214729198e+00,4.206007244455207683e-01,2.347467660903930664e+00,2.160571336746215820e+00,8.135449886322021484e-01,1.987662315368652344e-01,1.969234198331832886e-01,-3.270118683576583862e-02,1.681059926942276286e-18,1.721511126847650722e-18,3.541867183269302892e-20,3.709218745885851532e-20,1.282000000000000000e+03,9.510000000000000000e+02,1.282000000000000000e+03,9.510000000000000000e+02,0.000000000000000000e+00
1.217466397540567072e-20,5.700000000000000000e+01,5.700000000000000000e+01,1.746000000000000000e+03,1.754000000000000000e+03,1.024000000000000000e+03,1.032000000000000000e+03,1.749811794722873174e+03,1.028003096773472862e+03,3.658925858030682932e+00,4.101573744296192814e+00,6.747249720101322623e-03,2.025259733200073242e+00,1.912804961204528809e+00,1.555558085441589355e+00,2.733050882816314697e-01,2.438095957040786743e-01,-8.991951472125947475e-04,1.100628945475041872e-18,1.134393010513384494e-18,2.925120995432338679e-20,3.081512091815132924e-20,1.750000000000000000e+03,1.028000000000000000e+03,1.750000000000000000e+03,1.028000000000000000e+03,0.000000000000000000e+00
1.217466397540567072e-20,1.825000000000000000e+03,1.820000000000000000e+03,9.930000000000000000e+02,1.056000000000000000e+03,1.026000000000000000e+03,1.063000000000000000e+03,1.023638228912823479e+03,1.043846920199205670e+03,2.835806044760346367e+02,7.458211681554132610e+01,4.081848512255635342e+01,1.706662750244140625e+01,8.178811073303222656e+00,1.861928701400756836e-01,3.827885724604129791e-03,1.455461699515581131e-02,-4.189972300082445145e-03,3.377471416154862957e-17,3.383485350080368489e-17,3.680319769469633684e-20,3.781062290142922992e-20,1.004000000000000000e+03,1.032000000000000000e+03,1.004000000000000000e+03,1.032000000000000000e+03,0.000000000000000000e+00
1.217466397540567072e-20,7.100000000000000000e+01,7.000000000000000000e+01,1.020000000000000000e+03,1.028000000000000000e+03,1.133000000000000000e+03,1.143000000000000000e+03,1.023985689533200457e+03,1.138019856732767721e+03,4.365412839333204786e+00,4.910449513824978851e+00,5.416750772077705278e-03,2.215965509414672852e+00,2.089344263076782227e+00,1.560859322547912598e+00,2.290737181901931763e-01,2.036476284265518188e-01,-5.053856293670833111e-04,1.625185530925544372e-18,1.668629987275018508e-18,3.788742468260021787e-20,3.991413996797731151e-20,1.024000000000000000e+03,1.138000000000000000e+03,1.024000000000000000e+03,1.138000000000000000e+03,0.000000000000000000e+00
1.217466397540567072e-20,5.100000000000000000e+01,5.100000000000000000e+01,2.029000000000000000e+03,2.036000000000000000e+03,1.327000000000000000e+03,1.334000000000000000e+03,2.032530590507256420e+03,1.330384193636807822e+03,3.633523370589315959e+00,3.484825349959677965e+00,9.174809039362763485e-02,1.917619705200195312e+00,1.855015754699707031e+00,4.448849856853485107e-01,2.753980457782745361e-01,2.871493101119995117e-01,-1.450129784643650055e-02,9.091936057337055554e-19,9.374387217250943766e-19,2.480758924133998655e-20,2.601108856499062504e-20,2.032000000000000000e+03,1.330000000000000000e+03,2.032000000000000000e+03,1.330000000000000000e+03,0.000000000000000000e+00
1.217466397540567072e-20,5.700000000000000000e+01,5.700000000000000000e+01,3.940000000000000000e+02,4.020000000000000000e+02,1.361000000000000000e+03,1.369000000000000000e+03,3.980664293957289033e+02,1.364908586976601100e+03,3.390085223876504017e+00,4.454714377992548435e+00,1.373458973652219584e-02,2.110661506652832031e+00,1.841170310974121094e+00,1.557898402214050293e+00,2.949815094470977783e-01,2.244840860366821289e-01,-1.818949473090469837e-03,1.127839051724973718e-18,1.164210700246813190e-18,2.971377840015098967e-20,3.122559314125943029e-20,3.980000000000000000e+02,1.365000000000000000e+03,3.980000000000000000e+02,1.365000000000000000e+03,0.000000000000000000e+00
1.217466397540567072e-20,9.200000000000000000e+01,8.900000000000000000e+01,1.279000000000000000e+03,1.289000000000000000e+03,1.415000000000000000e+03,1.425000000000000000e+03,1.284200721566179709e+03,1.420247225472334776e+03,5.537250189144408807e+00,5.764740192549115960e+00,2.027388938704568488e-01,2.425585031509399414e+00,2.327773094177246094e+00,1.041038751602172852e+00,1.808279007673263550e-01,1.736920177936553955e-01,-1.271899417042732239e-02,2.385253051274235285e-18,2.437678931317233626e-18,4.865262136182954621e-20,5.121651613805167226e-20,1.284000000000000000e+03,1.420000000000000000e+03,1.284000000000000000e+03,1.420000000000000000e+03,0.000000000000000000e+00
1.217466397540567072e-20,6.700000000000000000e+01,6.700000000000000000e+01,2.038000000000000000e+03,2.046000000000000000e+03,1.460000000000000000e+03,1.468000000000000000e+03,2.042105929215346578e+03,1.464102595584018218e+03,4.756332383463863778e+00,4.714023058118662846e+00,-2.718068430098163901e-01,2.237812995910644531e+00,2.112474679946899414e+00,-7.465615868568420410e-01,2.109410762786865234e-01,2.128343284130096436e-01,2.432539127767086029e-02,1.162374359286945469e-18,1.187320575597896247e-18,2.384884329053841237e-20,2.467629370614280012e-20,2.042000000000000000e+03,1.464000000000000000e+03,2.042000000000000000e+03,1.464000000000000000e+03,0.000000000000000000e+00
1.217466397540567072e-20,5.900000000000000000e+01,5.900000000000000000e+01,1.285000000000000000e+03,1.292000000000000000e+03,1.472000000000000000e+03,1.480000000000000000e+03,1.288431040988156383e+03,1.476318863722332480e+03,4.133129421991160513e+00,4.601849991389499905e+00,8.473069246518534214e-01,2.290548086166381836e+00,1.867717504501342773e+00,9.203220605850219727e-01,2.514382004737854004e-01,2.258279919624328613e-01,-9.259115904569625854e-02,9.609562937205895065e-19,9.813184818719245431e-19,2.081269139244672933e-20,2.145610381528087177e-20,1.288000000000000000e+03,1.476000000000000000e+03,1.288000000000000000e+03,1.476000000000000000e+03,0.000000000000000000e+00
1.217466397540567072e-20,7.100000000000000000e+01,7.100000000000000000e+01,1.399000000000000000e+03,1.407000000000000000e+03,1.484000000000000000e+03,1.493000000000000000e+03,1.402810268087144095e+03,1.488668668990413153e+03,4.364299077558937867e+00,4.867750546868759187e+00,9.648870611457738278e-02,2.210341453552246094e+00,2.084811687469482422e+00,1.387778759002685547e+00,2.292323261499404907e-01,2.055237740278244019e-01,-9.087701328098773956e-03,1.593502342115655461e-18,1.638233477907955831e-18,3.715030335923890108e-20,3.911017211136405318e-20,1.403000000000000000e+03,1.489000000000000000e+03,1.403000000000000000e+03,1.489000000000000000e+03,0.000000000000000000e+00
1.217466397540567072e-20,1.170000000000000000e+02,1.150000000000000000e+02,6.800000000000000000e+01,7.900000000000000000e+01,1.537000000000000000e+03,1.549000000000000000e+03,7.348769186458041247e+01,1.542353636014709537e+03,6.149393993611884213e+00,7.486530594667151206e+00,3.765844522138870332e-01,2.754141330718994141e+00,2.459802865982055664e+00,1.314309239387512207e+00,1.631201356649398804e-01,1.339859515428543091e-01,-1.641040667891502380e-02,3.689462932822306149e-18,3.752383666887071028e-18,6.743456819458725366e-20,7.100241789637867142e-20,7.300000000000000000e+01,1.542000000000000000e+03,7.300000000000000000e+01,1.542000000000000000e+03,0.000000000000000000e+00
1.217466397540567072e-20,2.440000000000000000e+02,2.400000000000000000e+02,1.960000000000000000e+03,1.978000000000000000e+03,1.545000000000000000e+03,1.561000000000000000e+03,1.968693355886065774e+03,1.552598841587386914e+03,1.503282092433410355e+01,1.289592005381035023e+01,1.600987947742609663e+00,3.986118793487548828e+00,3.469812393188476562e+00,4.911536574363708496e-01,6.741241365671157837e-02,7.858289778232574463e-02,-1.673807762563228607e-02,7.106819012881005973e-18,7.147656919722748949e-18,6.874234074303359042e-20,7.107809199773020232e-20,1.968000000000000000e+03,1.552000000000000000e+03,1.968000000000000000e+03,1.552000000000000000e+03,0.000000000000000000e+00
1.217466397540567072e-20,7.100000000000000000e+01,7.100000000000000000e+01,7.100000000000000000e+01,7.900000000000000000e+01,1.566000000000000000e+03,1.575000000000000000e+03,7.521373724537332350e+01,1.570643708255649244e+03,4.411782973961219767e+00,4.768809923635320303e+00,-7.023489167902496888e-02,2.186808109283447266e+00,2.097251415252685547e+00,-1.383375763893127441e+00,2.267188876867294312e-01,2.097450941801071167e-01,6.678218021988868713e-03,1.618859356998315386e-18,1.664315206404788777e-18,3.790918987246801941e-20,3.993114240697439757e-20,7.500000000000000000e+01,1.571000000000000000e+03,7.500000000000000000e+01,1.571000000000000000e+03,0.000000000000000000e+00
1.217466397540567072e-20,9.300000000000000000e+01,9.300000000000000000e+01,2.025000000000000000e+03,2.036000000000000000e+03,1.596000000000000000e+03,1.605000000000000000e+03,2.030693475919844559e+03,1.600412919923763411e+03,6.914465234690666762e+00,6.027288035122012388e+00,1.058592150166102641e+00,2.760190486907958984e+00,2.307184696197509766e+00,5.869938731193542480e-01,1.486206203699111938e-01,1.704965978860855103e-01,-5.220544338226318359e-02,1.761293137637469758e-18,1.790762687730590199e-18,2.817689297789880317e-20,2.911156183364397545e-20,2.031000000000000000e+03,1.601000000000000000e+03,2.031000000000000000e+03,1.601000000000000000e+03,0.000000000000000000e+00
1.217466397540567072e-20,5.820000000000000000e+02,5.800000000000000000e+02,9.910000000000000000e+02,1.038000000000000000e+03,1.654000000000000000e+03,1.682000000000000000e+03,1.018760341447024302e+03,1.667562600906688203e+03,2.056334043230725683e+02,4.385142744630559264e+01,7.190099554052130770e+01,1.526333904266357422e+01,4.063903808593750000e+00,3.633139133453369141e-01,1.139718946069478989e-02,5.344507470726966858e-02,-3.737480193376541138e-02,1.096405816216683017e-17,1.103621478136105588e-17,4.668526921010020344e-20,4.815945369568601688e-20,1.032000000000000000e+03,1.675000000000000000e+03,1.032000000000000000e+03,1.675000000000000000e+03,0.000000000000000000e+00
1.217466397540567072e-20,8.820000000000000000e+02,8.770000000000000000e+02,1.865000000000000000e+03,1.894000000000000000e+03,1.670000000000000000e+03,1.717000000000000000e+03,1.877998366619013495e+03,1.694814797878956142e+03,3.419281529345386161e+01,1.238086369149232269e+02,-1.568184723383751589e+00,1.112816524505615234e+01,5.845116138458251953e+00,-1.553304553031921387e+00,2.926290966570377350e-02,8.081675507128238678e-03,7.412995910272002220e-04,1.684920420220091894e-17,1.690695464384692112e-17,3.398089621875661984e-20,3.440932084609653583e-20,1.881000000000000000e+03,1.693000000000000000e+03,1.881000000000000000e+03,1.693000000000000000e+03,0.000000000000000000e+00
1.217466397540567072e-20,8.300000000000000000e+01,8.300000000000000000e+01,9.040000000000000000e+02,9.130000000000000000e+02,1.743000000000000000e+03,1.752000000000000000e+03,9.086164905268890379e+02,1.747497904756748085e+03,6.325995763857655163e+00,5.875612710425073715e+00,4.140551134137169242e-01,2.563617706298828125e+00,2.372651100158691406e+00,5.363364219665527344e-01,1.588103920221328735e-01,1.709836721420288086e-01,-2.238277345895767212e-02,1.287188158902954660e-18,1.305153281036687592e-18,1.938252196273668676e-20,1.976991713922426546e-20,9.080000000000000000e+02,1.747000000000000000e+03,9.080000000000000000e+02,1.747000000000000000e+03,0.000000000000000000e+00
1.217466397540567072e-20,2.350000000000000000e+02,2.260000000000000000e+02,1.295000000000000000e+03,1.311000000000000000e+03,1.778000000000000000e+03,1.796000000000000000e+03,1.302856875624933082e+03,1.786066891730281668e+03,8.667175445955614066e+00,9.931810448069541053e+00,-1.423035141787991620e-01,3.153985738754272461e+00,2.941319465637207031e+00,-1.460114955902099609e+00,1.154049932956695557e-01,1.007102727890014648e-01,3.307057777419686317e-03,2.562300473479370180e-17,2.574463171770227388e-17,4.157346427675868503e-19,4.381674966366893957e-19,1.303000000000000000e+03,1.786000000000000000e+03,1.303000000000000000e+03,1.786000000000000000e+03,0.000000000000000000e+00
1.217466397540567072e-20,1.010000000000000000e+02,9.800000000000000000e+01,1.415000000000000000e+03,1.425000000000000000e+03,1.820000000000000000e+03,1.831000000000000000e+03,1.420352024689995687e+03,1.825238220624595215e+03,5.789436864179961617e+00,6.197288485549908188e+00,1.046243235927946102e-02,2.489489316940307617e+00,2.406069040298461914e+00,1.545166254043579102e+00,1.727288961410522461e-01,1.613613814115524292e-01,-5.832113092765212059e-04,2.994006076529825951e-18,3.054688253061869200e-18,5.896092353724550259e-20,6.210356363009345070e-20,1.420000000000000000e+03,1.825000000000000000e+03,1.420000000000000000e+03,1.825000000000000000e+03,0.000000000000000000e+00
1.217466397540567072e-20,7.000000000000000000e+01,7.000000000000000000e+01,4.370000000000000000e+02,4.450000000000000000e+02,1.824000000000000000e+03,1.833000000000000000e+03,4.408899110915093047e+02,1.828258994061601470e+03,4.370960912362898299e+00,5.654456852635068032e+00,1.110232531185840088e+00,2.508998394012451172e+00,1.931410193443298340e+00,1.047452449798583984e+00,2.407914847135543823e-01,1.861346215009689331e-01,-9.455710649490356445e-02,1.265749601979534996e-18,1.296076317982413512e-18,2.612646410457043347e-20,2.714482037385124410e-20,4.410000000000000000e+02,1.828000000000000000e+03,4.410000000000000000e+02,1.828000000000000000e+03,0.000000000000000000e+00
1.217466397540567072e-20,1.830000000000000000e+02,1.730000000000000000e+02,1.415000000000000000e+03,1.429000000000000000e+03,1.859000000000000000e+03,1.874000000000000000e+03,1.421962093918659548e+03,1.866451764891633502e+03,8.034602173549778570e+00,9.062748452406282240e+00,-2.331264329557569681e-02,3.010527610778808594e+00,2.834444284439086914e+00,-1.548137426376342773e+00,1.244625970721244812e-01,1.103426292538642883e-01,6.403250154107809067e-04,1.112426815756732568e-17,1.121503468618276940e-17,1.810060397831146058e-19,1.904105663599596848e-19,1.422000000000000000e+03,1.866000000000000000e+03,1.422000000000000000e+03,1.866000000000000000e+03,0.000000000000000000e+00
1.217466397540567072e-20,7.800000000000000000e+01,7.700000000000000000e+01,4.020000000000000000e+02,4.100000000000000000e+02,1.890000000000000000e+03,1.899000000000000000e+03,4.059992639445966915e+02,1.894398885246040436e+03,4.644210372074155657e+00,5.538208364342974477e+00,-2.682803219251894689e-02,2.353510618209838867e+00,2.154856443405151367e+00,-1.540823221206665039e+00,2.153278887271881104e-01,1.805688589811325073e-01,2.086170483380556107e-03,1.721015128672848612e-18,1.763175593916487311e-18,3.667879425421233638e-20,3.848255851511224678e-20,4.060000000000000000e+02,1.894000000000000000e+03,4.060000000000000000e+02,1.894000000000000000e+03,0.000000000000000000e+00
1.217466397540567072e-20,5.000000000000000000e+01,5.000000000000000000e+01,1.426000000000000000e+03,1.433000000000000000e+03,1.894000000000000000e+03,1.901000000000000000e+03,1.429362119106423279e+03,1.897636492308134848e+03,3.514438437661590697e+00,3.578273341793261508e+00,1.940285600505617936e-01,1.934681415557861328e+00,1.830223917961120605e+00,8.669174909591674805e-01,2.853948473930358887e-01,2.803035378456115723e-01,-3.095054440200328827e-02,8.681265698622853904e-19,8.931557110296446092e-19,2.349856945962628468e-20,2.454435678285345831e-20,1.429000000000000000e+03,1.898000000000000000e+03,1.429000000000000000e+03,1.898000000000000000e+03,0.000000000000000000e+00
1.217466397540567072e-20,6.300000000000000000e+01,6.300000000000000000e+01,1.330000000000000000e+03,1.338000000000000000e+03,1.925000000000000000e+03,1.934000000000000000e+03,1.333894288913274977e+03,1.929135983309367703e+03,3.741090829944392127e+00,4.960088576972470520e+00,-9.052555062431011379e-02,2.228626251220703125e+00,1.932460784912109375e+00,-1.497073054313659668e+00,2.674198150634765625e-01,2.016983777284622192e-01,9.761247783899307251e-03,1.193131622798657835e-18,1.226182037763520332e-18,2.844636321830929086e-20,2.979757567361173271e-20,1.334000000000000000e+03,1.929000000000000000e+03,1.334000000000000000e+03,1.929000000000000000e+03,0.000000000000000000e+00
1.217466397540567072e-20,6.600000000000000000e+01,6.500000000000000000e+01,4.490000000000000000e+02,4.570000000000000000e+02,1.957000000000000000e+03,1.965000000000000000e+03,4.530016753790025632e+02,1.960778427483729956e+03,4.404017092503515585e+00,4.573778183436163047e+00,1.332166170320210341e-01,2.155657052993774414e+00,2.081090450286865234e+00,1.069046735763549805e+00,2.272656559944152832e-01,2.188304215669631958e-01,-1.323875319212675095e-02,1.277650456247488544e-18,1.309530720838318214e-18,2.919556590225785675e-20,3.061626799136328850e-20,4.530000000000000000e+02,1.960000000000000000e+03,4.530000000000000000e+02,1.960000000000000000e+03,0.000000000000000000e+00
1.217466397540567072e-20,1.000000000000000000e+02,9.700000000000000000e+01,2.490000000000000000e+02,2.590000000000000000e+02,1.968000000000000000e+03,1.979000000000000000e+03,2.537533285008023825e+02,1.973663165077257872e+03,6.131622892873373587e+00,6.470005178795808831e+00,4.427217593634225068e-02,2.544739961624145508e+00,2.475060939788818359e+00,1.442830681800842285e+00,1.630970239639282227e-01,1.545670181512832642e-01,-2.232041442766785622e-03,2.425575004208898310e-18,2.472837829663493791e-18,4.277835300534447118e-20,4.462522759332517258e-20,2.540000000000000000e+02,1.974000000000000000e+03,2.540000000000000000e+02,1.974000000000000000e+03,0.000000000000000000e+00
1.217466397540567072e-20,5.400000000000000000e+01,5.400000000000000000e+01,9.520000000000000000e+02,9.590000000000000000e+02,1.988000000000000000e+03,1.996000000000000000e+03,9.557404641195192880e+02,1.991866086849183148e+03,3.492024869052341884e+00,4.047422736370153373e+00,2.305508503658693087e-02,2.012058258056640625e+00,1.868440389633178711e+00,1.529380321502685547e+00,2.863775789737701416e-01,2.470801025629043579e-01,-3.262549871578812599e-03,9.726813721083755355e-19,1.002189696292709399e-18,2.571671566449831631e-20,2.694819372613370741e-20,9.560000000000000000e+02,1.992000000000000000e+03,9.560000000000000000e+02,1.992000000000000000e+03,0.000000000000000000e+00
1.217466397540567072e-20,5.900000000000000000e+01,5.900000000000000000e+01,1.989000000000000000e+03,1.996000000000000000e+03,2.034000000000000000e+03,2.042000000000000000e+03,1.992734338242911463e+03,2.037679214826436919e+03,3.710042957158339760e+00,4.567032537544372772e+00,5.981804064539986143e-02,2.138033628463745117e+00,1.925068259239196777e+00,1.501444339752197266e+00,2.695955932140350342e-01,2.190068066120147705e-01,-7.062213961035013199e-03,1.072455070413909181e-18,1.101580306577054423e-18,2.572886811091945669e-20,2.687329672219357887e-20,1.993000000000000000e+03,2.037000000000000000e+03,1.993000000000000000e+03,2.037000000000000000e+03,0.000000000000000000e+00
1.217466397540567072e-20,5.500000000000000000e+01,5.500000000000000000e+01,4.080000000000000000e+02,4.150000000000000000e+02,2.037000000000000000e+03,2.045000000000000000e+03,4.116460893542391659e+02,2.041141564916047400e+03,3.669745722540774580e+00,3.770271785513045870e+00,-5.572695723467191442e-02,1.948089957237243652e+00,1.909178614616394043e+00,-1.152344346046447754e+00,2.725596129894256592e-01,2.652924060821533203e-01,8.057200349867343903e-03,1.091315718958307334e-18,1.128050396371481016e-18,3.005273181201593168e-20,3.168800649072217947e-20,4.120000000000000000e+02,2.041000000000000000e+03,4.120000000000000000e+02,2.041000000000000000e+03,0.000000000000000000e+00
1.217466397540567072e-20,1.040000000000000000e+02,1.030000000000000000e+02,3.740000000000000000e+02,3.840000000000000000e+02,2.035000000000000000e+03,2.046000000000000000e+03,3.789237766431608634e+02,2.040488569917973564e+03,5.820464060712605914e+00,6.246666747853744539e+00,1.347787387531589332e-01,2.507132053375244141e+00,2.404458284378051758e+00,1.288822293281555176e+00,1.718934923410415649e-01,1.601653993129730225e-01,-7.417583838105201721e-03,3.355950120490672676e-18,3.422871927178356551e-18,6.631927669727288511e-20,6.990761850627059701e-20,3.790000000000000000e+02,2.040000000000000000e+03,3.790000000000000000e+02,2.040000000000000000e+03,0.000000000000000000e+00
1.217466397540567072e-20,2.590000000000000000e+02,2.590000000000000000e+02,1.047000000000000000e+03,1.065000000000000000e+03,2.038000000000000000e+03,2.054000000000000000e+03,1.055830984610536916e+03,2.045656556612035502e+03,1.614342316207724082e+01,1.357092944959887149e+01,7.621713182836487022e-01,4.043795108795166016e+00,3.655416727066040039e+00,2.674634158611297607e-01,6.210941821336746216e-02,7.388282567262649536e-02,-6.976385135203599930e-03,7.791880070030072857e-18,7.840782987844207853e-18,6.974776585289472442e-20,7.187180410721751022e-20,1.056000000000000000e+03,2.045000000000000000e+03,1.056000000000000000e+03,2.045000000000000000e+03,0.000000000000000000e+00
1.217466397540567072e-20,7.300000000000000000e+01,7.300000000000000000e+01,6.510000000000000000e+02,6.600000000000000000e+02,2.049000000000000000e+03,2.058000000000000000e+03,6.553610046267494909e+02,2.053645931587640916e+03,4.611073602872917121e+00,4.667143344115356030e+00,-8.287356289469371973e-02,2.174073457717895508e+00,2.133452892303466797e+00,-9.484983086585998535e-01,2.169384658336639404e-01,2.143322229385375977e-01,7.704269140958786011e-03,1.742126742459156692e-18,1.791382866394851831e-18,4.079637332770486452e-20,4.303857239382628966e-20,6.550000000000000000e+02,2.054000000000000000e+03,6.550000000000000000e+02,2.054000000000000000e+03,0.000000000000000000e+00
1.217466397540567072e-20,1.470000000000000000e+02,1.460000000000000000e+02,2.082000000000000000e+03,2.091000000000000000e+03,2.075000000000000000e+03,2.092000000000000000e+03,2.088406414388131452e+03,2.083174476943707305e+03,4.079335843986527266e+00,9.532394685537909140e+00,-1.097973499992690449e-01,3.087815523147583008e+00,2.019189357757568359e+00,-1.550672173500061035e+00,2.452139705419540405e-01,1.049379631876945496e-01,5.648915190249681473e-03,2.499421015727171697e-17,2.634243514639434699e-17,6.341267905456547901e-19,6.673753669660120221e-19,2.090000000000000000e+03,2.083000000000000000e+03,2.090000000000000000e+03,2.083000000000000000e+03,2.000000000000000000e+00
1.217466397540567072e-20,1.180000000000000000e+02,1.170000000000000000e+02,1.747000000000000000e+03,1.758000000000000000e+03,2.093000000000000000e+03,2.104000000000000000e+03,1.752779296689687499e+03,2.098442038273881735e+03,6.575253746776134278e+00,6.635392946599722563e+00,1.542992829376430564e-01,2.600485563278198242e+00,2.539315223693847656e+00,8.816312551498413086e-01,1.521684229373931885e-01,1.507892608642578125e-01,-7.077042479068040848e-03,4.302419483155738163e-18,4.375667153577921317e-18,8.013533196427372112e-20,8.436513295126069928e-20,1.753000000000000000e+03,2.098000000000000000e+03,1.753000000000000000e+03,2.098000000000000000e+03,0.000000000000000000e+00
